# NewData 18:20
48.78455
48.22382
47.10234
46.5416
46.5416
46.5416
47.10234
48.22382
49.34529
48.22382
48.22382
48.22382
48.78455
48.78455
49.34529
49.34529
49.34529
49.34529
49.34529
49.34529
49.90603
49.90603
49.90603
49.34529
49.34529
49.34529
49.34529
48.78455
48.78455
48.22382
47.66308
47.66308
47.10234
47.10234
47.10234
47.10234
47.10234
46.5416
47.10234
47.10234
48.22382
48.22382
48.78455
48.78455
49.34529
49.34529
49.34529
50.46677
51.02751
51.02751
# NewData 18:20
50.46677
50.46677
50.46677
50.46677
49.90603
48.78455
48.22382
48.22382
49.34529
49.34529
49.34529
49.34529
49.34529
48.78455
48.78455
49.34529
49.34529
48.78455
48.22382
48.22382
48.22382
48.78455
48.78455
48.78455
48.78455
48.22382
48.22382
48.22382
48.22382
48.22382
48.22382
47.66308
48.22382
48.22382
48.78455
49.34529
49.34529
48.78455
48.78455
48.78455
49.34529
49.90603
49.34529
48.78455
48.78455
48.22382
48.22382
48.78455
49.34529
49.34529
# NewData 18:20
48.78455
49.34529
51.02751
51.58825
52.70973
53.27047
54.39194
54.39194
54.95269
54.95269
54.95269
54.39195
53.27047
52.70973
53.27047
52.14899
52.14899
51.58825
51.58825
52.14899
52.70973
53.27047
53.27047
52.70973
52.14899
52.70973
52.14899
51.58825
51.58825
51.58825
51.02751
51.58825
52.14899
52.70973
53.27047
54.39195
54.39195
54.39195
54.39195
53.83121
53.83121
53.27047
53.83121
53.27047
53.27047
52.14899
52.14899
52.70973
52.70973
52.70973
# NewData 18:20
55.51342
54.95268
54.95268
55.51342
56.63491
57.19564
57.19564
56.63491
56.63491
54.95269
53.27047
53.27047
52.70973
52.14899
52.14899
52.14899
52.70973
53.27047
54.39195
54.95269
55.51343
55.51343
55.51343
54.95269
54.39195
54.95269
54.39195
54.39195
54.39195
53.83121
53.83121
53.83121
54.95269
55.51343
56.07417
55.51343
56.07417
55.51344
54.39195
54.95269
54.95269
54.95269
54.39195
54.95269
53.83121
53.83121
54.95269
55.51343
54.95269
53.83121
# NewData 18:20
54.39196
53.83121
53.27047
53.27047
53.27047
53.27047
52.70973
52.70973
53.27047
54.95269
54.95269
55.51343
55.51343
54.95269
56.07417
55.51343
54.95269
54.39195
53.83121
53.27047
53.27047
53.83121
54.95269
54.39195
54.95269
54.39195
54.95269
55.51343
54.95269
53.83121
53.83121
53.27047
52.70973
52.14899
51.58825
52.70973
52.70973
52.70973
53.27047
53.83121
54.39195
53.83121
53.83121
54.39195
54.39195
53.83121
53.83121
53.83121
53.27047
53.83121
# NewData 18:20
53.83121
53.83121
54.39195
53.83121
53.27047
53.27047
53.27047
53.27047
52.70973
53.83121
53.27047
53.83121
53.83121
54.39195
55.51344
55.51344
54.95269
55.51344
56.07417
55.51343
55.51343
54.95269
54.39194
54.39194
53.27047
53.83121
54.39194
53.83121
54.39195
54.39195
39.8127
34.76603
33.08381
32.52306
33.08381
33.08381
33.08381
33.64454
33.0838
33.0838
47.66305
52.70973
53.83121
53.83121
54.39195
53.83121
53.27047
53.27047
53.83121
53.83121
# NewData 18:20
53.27047
53.83121
54.95269
54.39195
53.83121
52.70973
53.83121
53.83121
52.70973
52.70973
52.70973
52.70973
52.70973
53.27047
53.83121
53.83121
53.83121
53.83121
54.95269
54.39195
54.95269
54.39195
53.27047
53.27047
53.27047
53.27047
53.27047
52.70973
53.27047
53.83121
53.27047
53.27047
53.8312
53.8312
54.95269
55.51343
56.07417
56.63491
56.63491
56.63491
56.63491
55.51343
54.95269
54.39196
54.39196
54.39196
53.83121
53.83121
53.83121
54.39196
# NewData 18:20
54.9527
55.51344
56.07417
54.95269
53.83121
53.83121
53.27047
53.27047
52.14899
51.58825
52.70972
53.27047
53.27047
53.27047
53.83121
54.39195
54.39195
54.39195
55.51343
56.07417
56.07417
55.51343
56.07417
56.63491
57.19566
56.07417
56.07417
56.07417
54.95269
53.27047
52.70974
52.14899
51.58825
51.58825
51.58825
52.14899
52.14899
52.14899
52.70973
53.27047
54.39195
54.95269
54.39195
54.39195
53.27047
52.14899
52.14899
54.95269
55.51343
54.95269
# NewData 18:20
54.95269
54.95269
54.95269
55.51342
55.51342
56.63491
56.07417
52.70973
53.27047
53.27047
53.27047
54.39195
53.83121
53.83121
53.83121
52.14899
52.70974
51.02751
51.02751
51.58826
51.02751
51.58825
51.02752
51.58825
52.70973
52.14899
52.14899
53.27047
53.27047
52.70973
52.70973
52.70973
53.27047
53.83121
53.83121
54.39194
54.95269
54.39194
54.39194
54.39194
54.95269
56.07417
55.51343
54.95269
54.95269
54.39195
53.83121
53.83121
53.83121
54.39195
# NewData 18:20
52.70973
53.83121
54.39195
54.95269
55.51343
56.07417
56.63491
56.63491
56.07417
56.07417
55.51343
54.39195
53.27047
52.70972
52.70972
52.70972
52.14899
52.70973
52.70973
53.27047
54.39195
54.95269
55.51343
55.51343
54.95269
54.95269
54.95269
54.39195
54.39195
53.27047
52.14899
52.14899
52.14899
52.70973
53.27047
53.27047
53.83121
53.27047
52.70973
52.70973
53.27047
52.70973
52.70973
51.58825
50.46677
48.78455
44.29864
43.7379
43.7379
43.17716
# NewData 18:20
43.7379
42.61642
42.61642
43.7379
44.85938
46.5416
49.3453
50.46677
51.58826
52.14899
52.14899
53.83121
53.83121
52.70974
53.27047
53.83121
54.39195
54.39195
52.70973
52.70973
52.14899
53.27047
54.39195
54.39195
54.39195
53.83121
52.70973
52.70973
53.83121
54.39195
54.39195
53.83121
54.39195
54.95269
55.51344
55.51344
56.63491
57.19566
57.19566
57.19566
57.7564
58.31714
58.31714
57.7564
57.7564
57.7564
58.31714
57.7564
58.87788
59.43861
# NewData 18:20
63.36379
65.60674
67.8497
68.97118
71.21414
74.01784
76.26079
77.94301
79.62523
79.62523
79.62523
79.0645
79.62523
80.74671
81.30745
80.74672
81.30746
81.30746
80.74672
80.74672
80.74672
81.8682
81.8682
82.42894
83.55042
83.55042
84.6719
85.23264
86.91486
88.59707
89.15781
89.71855
90.27929
90.84003
91.40077
92.52225
93.08299
94.20448
94.76522
94.76522
95.8867
96.44744
97.00818
97.56892
97.00818
97.56892
97.00817
97.00817
97.00817
97.00817
# NewData 18:20
99.25114
102.0548
104.2978
107.6622
109.9052
112.1481
116.6341
119.4378
123.3629
127.2881
128.4096
130.0918
131.774
132.3348
134.017
134.5777
134.017
135.1385
133.4563
133.4563
132.8955
132.8955
134.017
134.017
134.017
135.1385
135.1385
136.2599
137.9422
139.6244
141.3066
142.4281
143.5496
145.2318
147.4747
148.0355
149.7177
150.2784
150.8392
150.8392
150.8392
151.3999
150.8392
150.8392
151.3999
152.5214
152.5214
153.6429
153.0821
153.0821
# NewData 18:20
158.6895
162.054
165.4184
167.6614
170.4651
174.3902
178.3154
182.2406
186.1658
187.2873
187.848
188.9695
188.9695
189.5302
190.6517
190.091
190.091
190.6517
191.7732
192.8947
193.4554
194.0161
195.1376
195.6983
195.6983
196.8198
196.8198
196.8198
196.2591
196.2591
196.8198
196.8198
197.3806
198.502
200.1842
201.3057
202.9879
205.7917
207.4738
209.1561
210.8383
212.5205
213.0813
214.7635
214.7635
214.7635
213.642
213.642
213.642
213.0813
# NewData 18:20
214.7635
215.885
216.4457
217.5672
219.2494
220.9316
223.1746
224.8568
225.9783
226.539
226.539
227.6606
226.5391
226.5391
226.5391
225.9783
226.5391
247.8472
248.9687
248.4079
248.9687
251.2116
252.8939
254.0154
255.1369
255.6976
234.9503
236.6325
237.754
238.8755
238.8755
238.8755
239.4362
239.4362
239.997
239.997
239.997
239.997
239.997
240.5577
241.1185
241.1185
240.5577
239.997
240.5577
239.997
240.5577
241.1185
241.6792
241.6792
# NewData 18:20
245.0436
246.7258
248.9688
250.0903
252.3333
253.4547
255.1369
257.3799
259.0621
260.1836
260.1836
260.1836
260.1836
260.1836
260.7443
260.1836
260.1836
259.6229
258.5014
257.3799
257.9406
257.9406
257.3799
257.9406
257.9406
259.6229
260.1836
260.7443
262.4266
262.9873
262.4266
262.9873
264.6695
265.2303
265.791
265.791
265.791
266.3517
266.9124
268.0339
269.7162
270.2769
270.8376
269.7162
269.7162
269.7162
269.1555
268.5947
268.034
266.9125
# NewData 18:20
268.034
267.4732
268.5947
270.2769
270.8377
271.3984
272.5199
273.6413
274.2021
274.7628
274.7628
275.8843
276.445
277.0058
277.0058
277.0058
277.0058
278.1273
278.1273
278.688
278.688
278.1273
278.688
278.688
279.8095
279.2487
279.2487
278.688
278.688
278.1273
278.688
278.688
278.688
279.2487
279.8095
280.931
280.931
280.931
282.0524
282.6132
282.6132
283.1739
283.1739
283.7347
283.1739
283.1739
284.2954
285.4169
285.4169
285.4169
# NewData 18:20
286.5384
287.0991
287.0991
288.2206
288.7813
288.7813
288.2206
288.2206
289.9028
288.2206
288.7813
288.7813
288.2206
288.2206
288.2206
288.2206
288.7813
289.9028
288.7813
289.9028
289.3421
289.3421
289.9028
290.4636
291.0243
291.5851
292.1458
291.5851
291.5851
292.7065
292.7065
292.7065
293.2673
292.1458
292.1458
291.585
291.585
292.7065
293.828
293.828
294.3887
295.5102
295.5102
296.071
296.071
295.5102
294.9495
293.2673
292.7065
292.7065
# NewData 18:20
292.7065
292.7065
292.7065
293.828
294.3887
294.3887
293.828
294.9495
295.5102
294.9495
293.828
293.828
294.3887
293.828
294.3887
294.9495
296.071
295.5102
295.5102
296.071
296.071
295.5102
295.5102
294.9495
296.071
296.071
294.9495
294.9495
296.6317
297.1924
297.7532
297.7532
297.7532
297.1924
296.6317
297.1924
296.6317
297.7532
297.1924
296.6317
296.071
296.071
296.071
296.6317
296.6317
296.071
296.6317
296.071
295.5102
296.071
# NewData 18:20
296.6317
296.071
296.071
295.5102
295.5102
295.5102
295.5102
295.5102
295.5102
294.9495
294.9495
295.5102
295.5102
296.6317
297.1924
297.1924
297.1924
297.1924
297.1924
297.7532
297.7532
297.7532
298.3139
297.7532
297.1924
297.1924
297.1924
297.1924
296.6317
296.071
296.071
296.6317
296.6317
296.6317
297.1924
297.1924
297.1924
296.6317
296.6317
296.6317
296.6317
296.071
295.5102
294.9495
294.9495
295.5102
296.071
296.6317
296.6317
276.445
# NewData 18:20
276.445
276.445
277.0058
277.0058
277.5665
277.0058
276.4451
275.8843
275.8843
296.071
296.071
296.6317
296.071
296.6317
296.071
296.6317
297.1924
297.1924
297.1924
297.1924
297.1924
297.1924
297.1924
297.7532
297.1924
298.3139
298.8747
298.8747
298.8747
298.3139
297.7532
297.1924
296.6317
296.071
296.071
295.5102
294.9495
294.9495
294.9495
295.5102
295.5102
296.6317
296.6317
296.071
296.071
296.071
295.5102
294.9495
294.9495
294.9495
# NewData 18:20
294.9495
294.9495
295.5102
294.9495
294.3887
293.828
294.3887
294.3887
294.3887
294.9495
294.9495
294.9495
294.3887
295.5102
296.071
295.5102
296.071
296.071
295.5102
295.5102
294.3887
294.9495
296.071
296.071
296.6317
298.3139
298.3139
299.4354
301.1176
300.5569
301.1176
299.9962
298.8747
297.7532
297.1924
296.6317
295.5102
293.828
292.7065
292.7065
292.7065
293.828
294.3888
293.828
293.2673
293.828
294.9495
294.3888
294.3888
293.828
# NewData 18:20
293.828
293.2673
294.9495
295.5102
296.071
295.5102
294.9495
294.9495
294.3887
294.3887
293.2673
293.2673
292.7065
292.7065
292.1458
292.7065
292.7065
293.2673
293.828
293.828
293.2673
293.2673
292.7065
292.1458
293.828
293.2673
294.3887
295.5102
295.5102
296.071
296.6317
297.1924
297.7532
298.3139
298.3139
297.7532
297.1924
296.071
296.071
296.071
296.6317
297.1924
298.3139
298.3139
297.7532
298.8747
298.8747
298.3139
298.3139
298.3139
# NewData 18:20
298.3139
297.7532
297.7532
298.3139
298.3139
298.8747
299.9962
300.5569
300.5569
300.5569
299.4354
298.3139
297.7532
297.1924
297.1924
297.1924
296.6317
296.6317
296.071
295.5102
296.071
296.6317
296.071
295.5102
294.3887
293.828
293.828
293.2673
293.828
293.828
293.2673
293.2673
294.9495
296.071
297.7532
297.1924
297.1924
297.1924
297.7532
297.7532
297.7532
297.7532
297.1924
296.6317
295.5102
296.071
295.5102
295.5102
295.5102
295.5102
# NewData 18:20
296.071
296.071
296.6317
297.1924
297.7532
297.1924
297.7532
296.6317
297.1924
297.1924
296.6317
296.6317
296.071
295.5102
294.9495
295.5102
336.4443
336.4443
336.4443
336.4443
336.4443
336.4443
336.4443
338.1265
338.1265
297.1924
298.3139
297.7532
297.7532
297.7532
297.7532
297.1924
296.6317
295.5102
294.9495
294.3887
294.3887
294.3887
294.3887
294.3887
295.5102
296.071
297.7532
297.7532
297.7532
298.3139
298.3139
297.7532
297.7532
297.7532
# NewData 18:20
297.1924
295.5102
294.9495
293.828
293.828
293.828
294.3888
294.3888
294.9495
294.9495
295.5102
296.071
297.1924
298.3139
297.7532
297.1924
296.6317
296.6317
295.5102
294.9495
294.3887
294.9495
294.9495
295.5102
296.071
296.6317
296.071
296.6317
297.1924
297.7532
297.7532
296.6317
296.6317
296.6317
296.6317
296.6317
297.7532
297.1924
297.7532
297.7532
297.1924
297.7532
296.071
294.9495
294.9495
294.9495
294.3887
293.2673
293.2673
294.3887
# NewData 18:20
294.9495
295.5102
295.5102
296.071
296.071
296.071
296.6317
296.6317
295.5102
294.3887
293.2673
293.2673
293.828
292.1458
292.1458
292.1458
293.2673
293.2673
293.828
294.3887
294.3887
294.3887
295.5102
296.6317
297.7532
298.3139
297.1924
297.7532
297.1924
297.1924
296.6317
297.1924
296.6317
296.071
295.5102
295.5102
296.071
295.5102
296.071
296.071
296.071
294.9495
294.9495
294.9495
293.828
293.828
294.3887
294.9495
294.9495
294.9495
# NewData 18:20
295.5102
296.071
297.1924
298.3139
297.1924
296.6317
296.6317
297.7532
298.3139
298.3139
298.8747
298.8747
298.3139
298.3139
299.4354
299.4354
299.4354
298.3139
298.3139
298.8747
298.8747
298.3139
297.1924
296.6317
296.071
295.5102
295.5102
295.5102
295.5102
294.9495
294.9495
295.5102
296.6317
297.1924
297.7532
298.8747
299.9962
300.5569
299.9962
299.9962
299.4354
298.8747
298.8747
296.6317
296.071
294.3888
293.828
293.2673
293.828
293.2673
# NewData 18:20
293.828
293.828
294.3888
295.5102
295.5102
297.1924
297.7532
298.3139
297.7532
298.8747
298.3139
298.3139
297.1924
296.6317
295.5102
295.5102
296.071
296.071
295.5102
296.071
296.6317
298.3139
298.8747
298.8747
298.8747
297.7532
296.6317
296.071
296.071
295.5102
294.9495
293.2673
292.7065
292.7065
292.7065
292.7065
293.828
294.3887
294.3887
294.3887
294.9495
296.071
297.1924
297.7532
298.3139
298.8747
298.3139
298.8747
298.8747
299.4354
# NewData 18:20
298.3139
297.7532
297.1924
296.6317
296.6317
296.6317
296.6317
296.6317
296.6317
296.6317
296.6317
296.6317
296.6317
297.7532
297.7532
297.1924
297.1924
296.6317
295.5102
294.9495
293.828
293.2673
293.828
292.7065
292.7065
292.7065
292.7065
293.2673
293.2673
293.828
294.3887
294.3887
293.828
293.828
293.828
293.828
293.2673
292.7065
293.2673
292.1458
292.7065
292.7065
292.7065
292.7065
292.1458
292.1458
292.1458
292.7065
293.828
293.828
# NewData 18:21
294.9495
294.9495
294.3887
294.3887
296.071
295.5102
296.071
295.5102
295.5102
296.071
295.5102
294.9495
294.9495
294.3887
293.2673
292.7065
289.9028
289.3421
288.7813
288.7813
289.3421
289.9028
290.4636
289.9028
290.4636
291.0243
292.7065
292.1458
292.1458
292.1458
292.7065
293.2673
294.3887
294.9495
295.5102
296.071
295.5102
297.1924
296.6317
296.071
294.9495
293.828
292.1458
292.7065
292.7065
292.7065
293.2673
292.7065
293.2673
294.3887
# NewData 18:21
296.6317
296.6317
296.071
296.071
296.6317
296.6317
297.1924
296.6317
295.5102
294.9495
293.828
294.3887
294.9495
294.9495
294.3887
293.828
292.7065
293.2673
293.2673
292.7065
292.7065
292.7065
292.7065
293.2673
293.2673
293.828
294.3887
294.3887
294.9495
294.3888
294.9495
294.3888
293.828
292.1458
291.5851
291.5851
291.5851
291.5851
291.5851
292.7065
292.7065
292.7065
293.828
295.5102
294.9495
294.9495
293.828
293.828
293.828
293.828
# NewData 18:21
293.828
293.2673
291.585
292.1458
292.1458
292.1458
292.7065
292.1458
291.585
291.0243
290.4636
291.0243
291.0243
291.0243
291.0243
290.4636
290.4636
291.0243
291.0243
291.0243
289.9028
289.9028
289.9028
289.3421
289.9028
291.0243
291.5851
291.0243
291.5851
292.7065
293.2673
293.2673
292.1458
292.7065
291.0243
289.9028
289.3421
289.3421
288.7813
288.2206
287.6599
287.6599
288.7813
288.2206
288.7813
290.4636
290.4636
290.4636
291.0243
291.5851
# NewData 18:21
292.1458
291.5851
292.7065
293.2673
292.1458
292.1458
291.5851
291.0243
290.4636
289.3421
289.3421
289.9028
289.9028
289.3421
288.7813
288.2206
288.2206
287.6599
287.0991
287.6599
287.6599
287.0991
286.5384
286.5384
287.6599
288.2206
289.3421
289.3421
288.7813
288.2206
288.2206
288.7813
289.3421
289.3421
288.7813
288.7813
288.2206
288.2206
289.3421
289.3421
289.3421
288.7813
288.7813
288.7813
287.6599
288.2206
288.7813
288.7813
288.7813
288.2206
# NewData 18:21
288.2206
287.6599
287.0991
286.5384
287.0991
285.9776
285.4169
285.9776
286.5384
287.0991
287.0991
286.5384
286.5384
286.5384
286.5384
285.9776
285.4169
284.8561
284.8561
285.4169
285.9776
285.9776
285.9776
286.5384
287.0991
287.6599
287.0991
287.0991
286.5384
286.5384
286.5384
286.5384
287.0991
287.0991
283.1739
283.7347
284.2954
284.8561
285.4169
285.4169
285.4169
285.4169
284.8561
284.8561
288.7813
288.7813
289.3421
289.3421
288.7813
289.3421
# NewData 18:21
289.3421
289.9028
289.3421
289.3421
288.7813
287.6599
287.0991
287.0991
285.9776
286.5384
287.0991
286.5384
286.5384
286.5384
286.5384
287.0991
287.6599
288.2206
288.2206
287.0991
286.5384
287.0991
287.0991
287.0991
287.6599
288.2206
288.7813
288.7813
288.7813
289.3421
288.7813
288.7813
288.7813
288.7813
288.7813
288.2206
287.0991
286.5384
286.5384
285.9776
285.4169
284.2954
284.8561
283.1739
282.6132
283.1739
283.1739
283.1739
284.2954
284.8561
# NewData 18:21
286.5384
285.9776
285.9776
286.5384
285.9776
284.8561
284.8561
285.4169
284.8561
285.4169
284.8561
284.8561
284.8561
284.2954
284.2954
283.7347
283.1739
283.7347
283.7347
283.7347
284.8561
285.9776
286.5384
286.5384
287.6599
288.7813
288.7813
289.3421
288.7813
288.7813
287.6599
286.5384
286.5384
286.5384
286.5384
286.5384
287.0991
286.5384
286.5384
286.5384
285.9776
285.9776
285.9776
285.9776
285.4169
285.4169
285.4169
284.8561
285.4169
285.4169
# NewData 18:21
285.4169
285.9776
286.5384
287.0991
287.0991
285.9776
285.9776
285.4169
284.2954
283.7347
284.8561
284.2954
284.2954
284.8561
284.2954
285.4169
286.5384
286.5384
286.5384
286.5384
285.9776
285.9776
285.9776
285.4169
285.4169
284.2954
283.1739
283.7347
283.7347
284.2954
284.2954
284.8561
284.2954
284.2954
284.2954
285.9776
287.0991
286.5384
287.0991
287.0991
286.5384
285.9776
285.9776
285.9776
284.2954
283.1739
283.1739
283.1739
283.7347
284.2954
# NewData 18:21
284.8561
284.8561
284.8561
284.2954
284.2954
284.8561
285.4169
285.4169
285.9776
285.9776
285.4169
285.4169
285.4169
285.4169
285.4169
283.7347
283.7347
282.6132
283.1739
282.6132
283.1739
282.6132
283.1739
284.2954
284.8561
285.4169
285.4169
285.4169
284.2954
284.2954
283.1739
283.1739
282.6132
282.0524
282.0524
282.6132
282.6132
282.6132
283.7347
284.2954
284.8561
284.8561
286.5384
287.0991
287.0991
287.0991
287.0991
287.0991
287.0991
286.5384
# NewData 18:21
287.0991
285.9776
285.4169
285.4169
284.2954
284.8561
284.8561
284.8561
284.8561
284.8561
283.7347
283.7347
284.2954
283.7347
284.8561
284.2954
284.8561
284.8561
285.4169
284.8561
285.4169
285.4169
284.2954
284.2954
283.1739
282.6132
281.4917
280.3702
280.931
281.4917
282.0524
282.6132
283.1739
284.2954
284.2954
284.8561
285.9776
286.5384
285.4169
285.4169
285.4169
284.2954
284.2954
283.7347
282.6132
282.6132
282.6132
283.1739
283.7347
283.7347
# NewData 18:21
284.8561
284.8561
283.7347
284.2954
285.4169
284.8561
284.8561
284.2954
283.7347
283.1739
281.4917
280.931
280.931
280.931
280.931
272.5198
273.0806
272.5198
273.6413
275.3235
275.8843
276.445
276.445
276.445
283.1739
284.2954
283.7347
284.2954
283.1739
282.6132
282.0524
282.0524
282.6132
282.6132
283.1739
283.7347
284.2954
283.7347
284.2954
283.7347
284.2954
284.2954
283.7347
283.1739
282.6132
281.4917
281.4917
282.6132
282.6132
283.7347
# NewData 18:21
283.7347
283.1739
283.7347
283.7347
283.7347
283.7347
283.1739
282.6132
282.0524
282.0524
282.6132
283.1739
283.1739
283.1739
283.1739
282.6132
283.1739
283.7347
283.7347
283.1739
281.4917
280.931
280.931
281.4917
282.0524
282.0524
282.0524
282.6132
283.1739
283.7347
284.2954
284.2954
284.2954
284.2954
283.7347
284.2954
283.7347
283.1739
282.6132
282.6132
283.1739
283.7347
283.7347
283.7347
283.1739
283.1739
283.1739
282.6132
282.6132
282.0525
# NewData 18:21
282.0525
280.931
280.931
281.4917
281.4917
281.4917
280.931
280.931
280.931
281.4917
280.931
281.4917
282.0524
280.3702
279.8095
279.8095
279.8095
279.2487
279.2487
279.2487
279.2487
278.688
278.688
279.8095
279.8095
280.3702
280.3702
280.931
280.3702
280.931
280.931
280.931
281.4917
282.0524
282.0524
281.4917
282.0524
281.4917
282.0524
280.931
281.4917
282.0524
282.0524
281.4917
282.0524
282.6132
281.4917
281.4917
280.3702
280.931
# NewData 18:21
279.8095
278.688
279.2487
278.1273
278.1273
279.8095
279.8095
280.931
281.4917
281.4917
280.3702
280.931
279.8095
280.3702
279.8095
277.5666
278.1273
277.0058
277.0058
277.0058
278.1273
278.688
279.2487
279.2487
278.688
280.3702
280.3702
280.931
279.8095
279.2487
278.688
278.688
279.2487
278.688
279.2487
278.688
278.1273
277.5665
278.1273
278.688
278.1273
277.5665
277.0058
277.0058
277.0058
276.445
277.0058
277.0058
277.0058
277.0058
# NewData 18:21
277.0058
277.0058
277.0058
277.5665
277.5665
277.0058
277.5665
277.5665
277.5665
278.688
279.2487
279.2487
279.2487
279.8095
279.8095
278.688
278.1273
277.5665
276.445
275.8843
275.8843
276.445
275.8843
275.3235
275.8843
276.445
276.445
276.445
277.0058
276.445
277.0058
276.445
276.445
277.5665
277.5665
278.1273
278.688
279.2487
278.688
279.2487
278.688
278.688
278.688
278.1273
278.1273
278.1273
277.5665
278.1273
278.688
279.2487
# NewData 18:21
279.8095
278.688
278.1273
278.1273
278.1273
278.1273
277.0058
277.0058
275.8843
275.8843
274.7628
275.3235
275.3235
275.3235
274.7628
275.3235
276.445
277.0058
277.5665
276.445
276.445
275.8843
276.4451
276.4451
277.0058
277.0058
276.4451
275.8843
275.8843
277.5665
277.5665
278.1273
277.0058
277.0058
277.0058
277.0058
277.0058
275.8843
275.8843
275.3236
275.3236
275.3236
274.2021
274.2021
274.2021
274.2021
275.3236
275.3236
274.7628
275.3236
# NewData 18:21
275.8843
275.8843
277.5665
277.0058
277.0058
276.445
276.445
275.8843
276.445
275.3235
274.7628
275.3235
275.3235
274.2021
274.7628
274.2021
274.2021
273.6413
274.2021
274.2021
274.2021
273.0806
272.5199
273.0806
272.5199
273.0806
273.6414
274.2021
274.7628
274.7628
274.7628
274.7628
274.7628
274.7628
274.2021
274.2021
273.6414
273.0806
272.5199
273.0806
273.0806
274.2021
274.2021
274.2021
274.2021
273.6413
273.6413
274.2021
274.2021
273.6413
# NewData 18:21
271.3984
272.5199
272.5199
273.6414
274.2021
274.7628
274.2021
274.7628
275.3236
274.7628
275.3236
274.2021
274.2021
273.0806
272.5199
271.9591
271.3984
270.2769
270.2769
271.3984
271.3984
271.9591
271.9591
273.0806
273.6414
273.6414
273.0806
273.0806
271.9592
270.2769
270.8377
271.3984
271.3984
270.8377
269.7162
269.7162
270.8376
271.9591
273.0806
274.2021
274.2021
273.6413
273.6413
272.5198
272.5198
271.9591
271.3984
270.8376
270.8376
270.8376
# NewData 18:21
270.8376
271.3984
271.9591
273.0806
272.5198
272.5198
271.9591
271.9591
271.9591
271.9591
271.3984
270.2769
269.7162
269.1554
269.1554
269.7161
269.7161
269.7161
269.1554
269.7162
270.2769
270.2769
270.2769
269.1555
270.2769
269.1555
268.034
267.4732
267.4732
267.4732
267.4732
268.034
268.5947
268.5947
268.5947
269.1555
270.2769
270.8377
271.3984
271.3984
270.8376
270.8376
270.8376
270.8376
270.2769
270.2769
270.2769
270.2769
269.7162
269.7162
# NewData 18:21
269.1555
268.034
266.9125
268.034
268.034
267.4732
266.9125
267.4732
266.9125
267.4732
266.9125
267.4732
268.5947
267.4732
267.4732
268.034
267.4732
266.9125
267.4732
266.9125
268.034
268.034
268.5947
269.1555
269.1555
268.5947
269.7162
269.7162
269.7162
269.1555
268.5947
268.5947
267.4732
268.034
268.034
268.5947
268.5947
268.5947
268.5947
269.1555
269.1555
269.1555
270.2769
269.7162
268.5947
267.4732
268.0339
267.4732
267.4732
267.4732
# NewData 18:21
267.4732
266.9125
266.3517
266.9125
267.4732
268.034
267.4732
267.4732
267.4732
266.9125
266.3517
266.3517
265.791
265.2303
264.6695
262.9873
262.9873
263.548
264.1088
264.6695
264.1088
264.1088
264.1088
264.6695
265.2303
266.3517
265.791
265.2303
263.548
262.4266
262.9873
262.9873
262.4266
262.4266
261.8658
260.7444
260.1836
259.6229
260.7443
262.4266
262.4266
262.4266
262.4266
261.8658
261.3051
261.8658
262.9873
263.548
264.1088
263.548
# NewData 18:21
264.1088
264.6695
264.6695
264.6695
264.1088
262.9873
262.4266
261.8658
261.8658
260.7443
260.7443
261.3051
261.3051
262.4266
263.548
264.1088
264.1088
264.6695
264.1088
263.548
262.9873
261.8658
261.3051
260.7443
259.6229
259.6229
259.6229
259.6229
260.1836
260.7443
261.8658
262.4265
262.9873
262.4265
262.9873
263.548
263.548
262.4266
261.8658
261.3051
260.1836
259.0621
257.3799
257.3799
256.2584
256.8192
257.9406
257.9406
259.0621
259.6229
# NewData 18:21
260.1836
260.7443
261.8658
261.8658
261.8658
261.3051
260.7443
260.1836
259.6229
259.6229
259.0621
259.0621
259.6229
259.0621
258.5014
257.9406
257.9406
257.9406
257.3799
258.5014
258.5014
257.9406
258.5014
259.0621
259.0621
259.0621
259.0621
257.9406
257.3799
256.8192
256.2584
256.8192
257.9406
257.9406
259.0621
259.6229
260.1836
260.1836
260.7443
260.7443
260.1836
260.1836
259.0621
259.0621
258.5014
258.5014
258.5014
259.6229
259.6229
259.6229
# NewData 18:21
258.5014
257.3799
257.3799
256.2584
256.2584
255.6977
255.1369
255.1369
254.0155
254.5762
254.5762
254.0155
252.894
252.894
252.894
251.7725
251.2117
251.2117
252.894
252.3332
252.3332
253.4547
254.0155
254.5762
253.4547
254.5762
254.5762
254.0155
254.0155
254.0155
254.0155
254.5762
255.137
255.137
255.6977
255.6977
255.6977
256.2584
255.137
255.6977
255.6977
254.5762
252.894
252.3333
250.651
250.651
250.0903
250.651
250.0903
250.0903
# NewData 18:21
250.0903
250.651
251.2118
250.651
251.2118
251.2118
251.2118
250.651
250.651
250.651
251.2118
251.7725
251.2118
251.7725
252.3333
252.3333
251.2118
251.2118
251.2118
250.0903
249.5296
249.5296
248.4081
248.4081
248.4081
248.9688
250.651
250.651
250.0903
250.651
250.651
250.651
252.3333
251.7725
251.7725
251.2118
250.651
250.0903
250.651
250.651
250.0903
250.0903
249.5296
249.5296
249.5296
249.5296
250.0903
251.2118
250.651
250.651
# NewData 18:21
251.2118
250.651
250.0903
250.0903
249.5295
248.4081
247.8473
247.8473
247.2866
246.7259
246.1651
246.7259
246.7259
246.7259
247.2866
247.2866
247.2866
247.2866
247.2866
247.2866
247.2866
246.1651
246.1651
245.0436
244.4829
245.0436
244.4829
245.0436
245.0436
245.0436
245.0436
245.6044
246.1651
247.2866
247.8473
247.8473
248.4081
247.8473
247.8473
247.8473
247.2866
247.8473
247.2866
246.7259
245.0436
245.0436
245.6044
245.0436
244.4829
245.0437
# NewData 18:21
245.0437
245.0437
245.6044
246.1651
246.7259
246.1651
244.4829
245.0437
245.0437
246.1651
245.6044
245.0436
245.0436
245.0436
245.6044
247.2866
247.2866
247.8473
246.1651
246.1651
246.7259
245.6044
245.0436
243.9221
243.3614
243.9221
243.9221
243.9221
245.0436
245.0436
245.6044
246.1651
246.1651
247.2866
247.2866
246.1651
245.6044
246.1651
245.0437
245.0437
244.4829
244.4829
244.4829
243.9222
244.4829
245.6044
246.7259
246.7259
247.2866
247.2866
# NewData 18:21
246.1651
245.6044
245.6044
245.0436
245.0436
244.4829
243.9221
244.4829
243.9221
245.0436
244.4829
243.9221
242.8007
243.3614
242.2399
242.2399
242.2399
241.6792
242.2399
241.6792
241.6792
242.2399
243.3614
242.8007
242.8007
242.2399
241.6792
241.6792
241.1185
241.6792
242.2399
242.2399
242.2399
242.2399
243.3614
243.3614
243.9221
243.9221
244.4829
243.9222
243.3614
243.3614
243.3614
241.1184
241.1184
241.1184
240.5577
240.5577
240.5577
241.1184
# NewData 18:21
241.6792
241.6792
241.6792
242.8007
243.9221
243.9221
243.9221
243.3614
243.3614
243.3614
242.8007
241.6792
241.1185
241.1185
239.997
239.997
240.5577
241.1185
240.5577
239.997
239.4362
239.4362
239.4362
239.4362
239.9969
239.9969
239.9969
239.4362
239.4362
239.4362
241.1185
240.5577
240.5577
240.5577
240.5577
240.5577
239.997
240.5577
240.5577
241.6792
241.1185
241.6792
242.2399
241.1185
239.997
239.997
239.997
238.8755
238.3148
237.754
# NewData 18:21
237.754
236.6325
237.1933
237.754
237.754
237.754
237.754
238.8755
238.8755
238.8755
239.4362
239.997
239.997
240.5577
240.5577
240.5577
241.1185
241.1185
241.1185
241.1185
240.5577
239.997
239.4362
238.3148
238.3148
237.754
237.754
237.1933
237.1933
237.1933
237.1933
237.1933
237.754
238.3148
237.754
238.3148
237.754
237.1933
236.6325
236.0718
235.5111
235.5111
235.5111
234.3896
233.8288
234.3896
234.9503
235.5111
235.5111
236.0718
# NewData 18:21
236.0718
235.5111
233.8288
234.3896
234.3896
233.8288
233.8288
232.7073
233.2681
232.7073
233.2681
233.2681
234.3896
235.5111
236.0718
234.9503
235.5111
234.9503
234.9503
234.3896
234.3896
234.9503
234.3896
233.8288
233.8288
234.9503
234.9503
234.3896
234.3896
234.3896
234.3896
233.2681
233.2681
233.2681
232.1466
232.7073
233.268
233.8288
233.8288
233.8288
233.8288
234.3896
234.3896
234.9503
235.5111
234.9503
233.8288
233.2681
232.7073
233.268
# NewData 18:21
234.3895
234.3895
233.8288
234.3895
234.3895
234.3895
234.9503
235.5111
234.9503
233.8288
232.1466
231.5858
231.0251
231.0251
231.0251
231.5858
231.0251
231.0251
231.0251
231.5858
232.7073
233.2681
232.7073
231.5858
230.4643
229.9036
229.9036
228.7821
228.7821
228.7821
228.2213
228.2213
228.782
229.3428
230.4643
231.0251
231.5858
232.1466
231.0251
230.4643
230.4643
229.3428
228.2213
228.2213
228.2213
227.6605
227.6605
228.2213
228.782
229.3428
# NewData 18:21
230.4643
230.4643
230.4643
229.3428
228.2213
227.6606
227.6606
228.2213
227.6606
227.6606
227.0998
227.6606
228.7821
229.3428
229.9035
229.9035
229.3428
228.7821
228.7821
229.3428
228.782
227.6605
227.6605
228.2213
228.2213
227.6606
227.6606
228.2213
228.2213
228.2213
229.3428
229.3428
229.9035
229.9035
229.9035
229.3428
229.3428
228.7821
228.2213
227.6605
227.0998
227.0998
227.0998
227.6606
227.6606
228.782
228.782
229.3428
229.3428
228.782
# NewData 18:21
229.3427
229.3427
228.782
228.782
228.2213
228.782
228.782
228.2213
228.782
228.782
227.6606
226.539
225.4176
224.8568
224.8568
224.2961
223.1746
223.1746
222.6138
222.0531
222.6138
222.6138
224.2961
224.2961
224.8568
224.8568
225.9783
226.539
227.6605
228.2213
228.782
229.3427
227.6605
228.782
228.2213
228.2213
228.2213
227.0998
226.5391
225.9783
225.4176
225.4176
225.9783
224.8568
224.2961
223.7353
223.7353
223.1746
222.6138
222.6138
# NewData 18:21
222.6138
223.1746
222.6138
222.0531
222.0531
222.6138
223.1746
223.7353
224.8568
224.2961
223.1746
222.6138
223.1746
223.1746
224.2961
224.2961
222.6138
222.6138
223.1746
223.7353
224.2961
225.4176
225.9783
225.9783
225.9783
225.9783
227.0998
226.539
225.9783
225.9783
225.9783
224.8568
224.8568
223.7353
223.1746
223.1746
222.6138
222.6138
222.6138
222.6138
222.6138
222.6138
222.0531
222.6139
223.7354
224.2961
225.4176
225.4176
225.9783
226.539
# NewData 18:21
224.8568
224.2961
224.2961
223.1746
222.6138
221.4924
220.3709
219.8102
218.6887
219.2494
219.2494
219.8102
219.2494
218.128
217.5672
218.128
218.6887
218.1279
218.1279
217.5672
218.1279
217.5672
217.5672
218.6887
219.8101
219.8101
220.3709
220.9316
220.9316
220.9316
219.8102
220.9316
221.4924
221.4924
220.9316
220.3709
219.2494
218.128
218.6887
218.6887
218.128
217.0065
216.4457
214.2028
214.2028
214.7635
215.3242
215.3242
215.3242
217.0064
# NewData 18:21
217.5672
217.0064
217.0064
218.1279
218.1279
217.5672
218.1279
217.0065
217.5672
217.0065
215.885
216.4457
217.0065
217.0065
215.885
215.3242
215.885
215.3242
215.885
217.0064
217.0064
216.4457
217.0064
218.1279
219.2494
220.3709
220.3709
220.3709
220.3709
219.8102
219.8102
219.2494
218.6887
219.2494
219.8101
218.6886
219.2494
220.3709
220.3709
220.3709
220.3709
220.9316
221.4924
220.9316
220.3709
220.9316
220.3709
219.2494
219.2494
219.2494
# NewData 18:21
219.2494
218.1279
217.0064
217.0064
216.4457
216.4457
215.885
214.7635
215.3242
215.3242
215.3242
214.7635
215.3242
215.3242
215.3242
215.885
216.4457
217.0064
215.885
215.885
215.885
216.4457
216.4457
215.885
215.885
214.7635
214.2028
213.642
213.642
213.642
213.642
214.2028
213.642
214.2028
214.2028
215.3242
215.885
216.4457
217.5672
217.5672
217.0064
217.0064
217.5672
216.4457
215.3242
215.3242
214.7635
214.2028
214.2028
214.7635
# NewData 18:21
214.2028
214.2028
214.7635
214.7635
215.3242
215.3242
215.885
215.3242
215.3242
214.7635
215.3242
214.7635
214.2028
214.2028
214.2028
211.9598
211.9598
210.8383
210.2776
209.7168
209.1561
208.5954
208.5954
207.4739
206.9131
208.5954
208.0346
208.5954
209.1561
209.1561
209.7168
210.8383
210.8383
211.9598
212.5205
211.9598
212.5205
213.0813
213.0813
213.0813
213.642
213.0813
213.0813
213.0813
213.0813
212.5205
212.5205
211.9598
212.5205
212.5205
# NewData 18:21
211.9598
211.9598
210.8383
210.8383
210.8383
210.8383
210.8383
209.7168
209.7168
209.1561
208.0346
207.4739
207.4739
206.9131
207.4739
206.9131
206.3524
205.7917
204.6702
204.6702
205.7917
206.9131
206.9131
206.9131
206.9131
207.4738
208.5953
209.1561
209.1561
208.5953
207.4738
206.3524
206.3524
205.7917
204.6702
204.6702
203.5487
204.1094
204.1094
205.2309
206.9131
207.4739
208.0346
208.5953
208.0346
208.0346
206.9131
207.4738
206.3524
204.6702
# NewData 18:21
203.5487
202.9879
201.8665
202.4272
201.3057
200.745
200.745
200.745
200.745
200.1842
200.1842
199.6235
199.6235
199.6235
199.0628
199.0628
198.502
197.9413
198.502
198.502
199.0628
199.0628
199.6235
200.1842
201.3057
201.3057
201.8665
201.8665
201.8665
201.3057
200.745
200.1842
199.6235
199.6235
199.6235
199.6235
199.0628
199.6235
199.6235
200.1842
199.6235
199.6235
199.0628
197.9413
197.3806
197.3806
196.8198
196.8198
196.8198
197.3806
# NewData 18:21
197.3806
197.9413
199.0628
199.6235
199.6235
200.1842
200.745
201.3057
200.1842
200.1842
200.1842
200.1842
198.502
198.502
199.0628
198.502
197.9413
196.8198
197.3806
197.3806
197.9413
196.8198
197.9413
197.9413
196.8198
197.3806
197.9413
197.9413
196.8198
197.3806
196.8198
197.3806
196.8198
196.2591
195.6983
195.1376
194.5769
194.5769
195.6983
195.6983
196.2591
196.2591
196.2591
197.3806
198.502
197.3806
197.3806
196.8198
196.2591
195.1376
# NewData 18:21
194.0161
193.4554
191.7732
190.6517
190.091
190.6517
190.6517
189.5302
188.9695
189.5302
191.2124
191.7732
192.3339
192.3339
192.3339
191.2124
190.091
190.6517
189.5302
187.848
187.2873
187.2873
187.848
187.2873
188.4087
188.4087
190.6517
190.6517
192.3339
193.4554
194.0161
194.0161
194.0161
194.5769
194.5769
194.5769
193.4554
193.4554
192.3339
192.3339
192.3339
191.2124
190.6517
190.6517
190.091
190.6517
191.2124
190.6517
190.6517
191.2124
# NewData 18:21
192.3339
192.8947
192.8947
192.8947
192.3339
191.7732
191.2124
191.2124
189.5302
188.9695
187.848
186.7265
186.7265
186.7265
186.7265
186.7265
187.2873
187.848
188.4087
188.9695
190.091
191.2124
190.6517
190.6517
190.6517
190.6517
191.2124
190.091
189.5302
189.5302
188.9695
187.848
187.848
188.4087
187.848
187.2873
186.7265
187.848
188.4087
187.2873
187.2873
187.2873
187.2873
186.1658
186.1658
186.1658
184.4836
184.4836
185.0443
184.4836
# NewData 18:21
184.4836
185.0443
184.4836
184.4836
184.4836
182.8013
183.9228
183.3621
182.8013
182.8013
182.8013
181.6798
182.2406
182.8013
182.8013
183.3621
183.3621
183.9228
183.9228
182.8013
183.9228
183.9228
183.3621
183.9228
185.0443
185.0443
185.0443
185.0443
185.605
186.7265
186.7265
186.7265
186.7265
186.1658
185.0443
185.0443
183.9228
183.3621
182.8013
182.2406
182.2406
182.8013
182.8013
183.3621
183.9228
184.4836
185.0443
185.605
186.1658
187.2872
# NewData 18:21
185.0443
185.0443
183.3621
181.6799
181.1191
180.5584
180.5584
179.9976
178.8761
178.3154
178.3154
177.7547
177.7547
178.3154
178.3154
178.3154
177.7547
177.1939
178.3154
178.3154
179.4369
179.9976
181.1191
182.2406
182.8013
183.3621
183.9228
183.9228
183.3621
184.4836
185.0443
185.605
185.0443
183.3621
183.3621
182.8013
182.8013
182.2406
181.6799
181.1191
180.5584
179.9976
180.5584
182.2406
181.6798
182.8013
183.3621
183.9228
183.3621
182.8013
# NewData 18:21
181.6798
181.1191
180.5584
180.5584
179.9976
179.4369
179.9976
179.9976
181.1191
181.6799
182.8013
182.8013
182.2406
181.6799
181.1191
181.1191
179.9976
179.4369
176.6332
176.0724
175.5117
175.5117
176.0724
176.6332
176.6332
177.1939
177.1939
176.6332
177.7547
177.1939
177.7547
178.3154
177.1939
176.6332
177.1939
173.8295
174.3902
174.951
174.3902
174.3902
174.3902
173.2688
173.8295
174.3902
174.951
178.8761
178.8761
179.4369
180.5584
181.1191
# NewData 18:21
181.6798
181.6798
181.6798
180.5584
180.5584
179.9976
179.4369
178.8761
178.8761
178.8761
179.4369
179.4369
179.4369
179.4369
178.8761
178.8761
178.8761
178.3154
177.1939
176.0724
176.0724
176.0724
176.0724
176.0724
176.0724
176.6332
176.6332
177.1939
177.7547
177.7547
177.1939
177.1939
176.6332
175.5117
175.5117
174.3902
174.3902
174.3902
174.951
175.5117
176.0724
175.5117
174.951
175.5117
174.951
174.951
174.3902
173.8295
174.3902
174.3902
# NewData 18:21
174.951
176.0725
176.0725
175.5117
176.6332
177.1939
177.1939
177.7547
177.7547
177.7547
177.7547
176.6332
177.1939
177.1939
176.6332
174.951
174.3902
173.8295
172.708
172.708
172.1473
171.0258
171.0258
171.5865
172.1473
171.5865
172.708
172.708
173.8295
173.8295
174.3902
175.5117
176.6332
176.6332
177.1939
177.1939
177.1939
176.6332
176.0725
175.5117
175.5117
174.3902
173.8295
173.8295
173.2688
172.1473
172.1473
171.5865
171.5865
171.5865
# NewData 18:21
172.708
172.1473
172.1473
172.708
173.2688
173.2688
173.8295
174.3902
174.3902
173.2688
173.2688
172.708
171.5865
170.4651
169.9043
169.9043
169.3436
168.7829
169.3436
170.4651
170.4651
171.0258
171.5865
172.1473
172.708
173.2688
174.3902
174.951
174.3902
173.2688
173.2688
173.8295
173.8295
173.8295
174.3902
173.2688
172.708
172.1473
172.708
173.8295
173.8295
173.2688
173.2688
173.8295
173.2688
173.8295
172.708
172.708
171.0258
170.4651
# NewData 18:21
169.9043
168.7828
167.1006
165.9792
165.4184
164.2969
163.7362
162.6147
163.1754
163.1754
163.1754
163.7362
163.7362
164.2969
164.2969
164.8577
165.9792
165.9792
165.4184
163.7362
163.1754
163.7362
162.6147
162.054
161.4932
160.9325
160.9325
161.4932
160.9325
162.6147
162.6147
162.054
162.6147
163.1754
163.1754
164.2969
164.2969
164.2969
164.8577
164.2969
164.2969
164.8577
164.8577
164.8577
164.8577
163.7362
162.054
160.9325
159.811
159.811
# NewData 18:21
158.6895
158.6895
157.0073
156.4466
155.8858
155.8858
155.8858
155.8858
155.8858
155.8858
155.3251
155.8858
157.0073
157.0073
157.0073
158.1288
158.1288
158.1288
158.1288
158.1288
158.6895
157.568
157.568
158.1288
158.6895
158.6895
159.2503
159.2503
159.2503
159.811
160.3717
160.3717
159.811
159.811
159.811
159.2503
158.6895
159.811
159.2503
158.6895
158.6895
159.2503
159.2503
158.6895
157.568
157.568
156.4466
155.8858
154.7644
154.7644
# NewData 18:21
154.2036
153.6429
153.0821
153.6429
153.6429
153.6429
154.2036
155.3251
155.3251
154.7643
154.7643
154.7643
154.7643
153.6429
153.0821
151.9606
151.3999
150.2784
150.8392
149.157
149.157
149.157
149.7177
149.7177
149.7177
150.2784
150.2784
150.8392
151.3999
151.9606
153.0821
153.0821
153.6429
154.2036
154.2036
153.6429
153.6429
152.5214
151.3999
150.8392
150.2784
149.7177
148.5962
148.0355
147.4747
146.914
145.7925
145.2318
145.7925
145.7925
# NewData 18:21
146.3533
147.4747
146.914
146.914
146.914
147.4747
147.4747
146.3533
146.3533
145.2318
144.6711
143.5496
142.9888
143.5496
144.1103
144.1103
144.6711
145.7925
146.3532
146.914
147.4747
148.0355
148.0355
147.4747
147.4747
147.4747
147.4747
148.0355
148.0355
148.0355
148.0355
148.5962
149.157
149.7177
149.7177
150.2784
150.2784
149.7177
149.157
148.5962
148.0355
146.914
146.914
146.3532
146.3532
145.7925
144.6711
144.6711
144.6711
144.6711
# NewData 18:21
144.6711
144.1103
143.5496
142.4281
141.8673
141.3066
141.3066
141.3066
141.3066
141.3066
140.7459
140.7459
140.7459
140.7459
140.7459
140.7459
141.3066
141.3066
141.3066
140.7459
141.3066
141.3066
141.3066
141.3066
140.7459
139.6244
139.0636
138.5029
137.9422
138.5029
137.9422
137.9422
137.9422
137.9422
137.9422
138.5029
139.0636
139.0636
139.6244
139.6244
140.7459
141.3066
142.4281
142.4281
142.9888
143.5496
142.9888
143.5496
143.5496
144.1103
# NewData 18:21
142.4281
141.3066
140.7458
139.6244
138.5029
138.5029
137.9422
137.9422
137.9422
137.9422
137.3814
137.3814
137.9422
138.5029
139.0637
139.0637
139.0637
138.5029
137.3814
136.8207
137.3814
136.2599
135.6992
135.1385
135.1385
134.5777
134.017
132.3348
132.3348
131.774
130.6525
131.774
131.774
132.3348
132.3348
131.774
131.774
132.8955
133.4563
134.017
134.5777
134.017
134.017
133.4563
133.4563
134.5777
133.4563
132.8955
133.4563
134.017
# NewData 18:21
133.4563
132.8955
132.3348
131.2133
130.0918
130.0918
130.6525
129.5311
128.4096
127.2881
127.2881
127.2881
127.2881
127.2881
126.7274
125.6059
125.6059
126.1666
126.1666
125.0451
125.0451
125.0451
125.0451
125.6059
126.7274
127.8488
127.8488
128.9703
129.5311
131.2133
131.774
132.3348
133.4562
134.017
134.5777
133.4563
134.017
134.017
134.017
132.8955
132.8955
132.3348
131.2133
130.6526
129.5311
128.9703
127.8488
127.2881
126.7274
127.2881
# NewData 18:21
127.2881
126.7274
126.7274
126.7274
126.7274
127.2881
127.2881
126.7274
126.1666
125.6059
125.0452
125.6059
125.0451
125.0451
125.0451
124.4844
123.9237
124.4844
125.6059
126.1666
126.7274
126.1666
127.2881
127.2881
127.8488
127.8488
127.8488
128.4096
127.8488
127.2881
127.2881
127.8488
127.8488
127.2881
126.7274
126.7274
126.1666
124.4844
123.9237
124.4844
124.4844
124.4844
123.9237
124.4844
125.0451
125.6059
126.1666
126.7274
125.6059
125.6059
# NewData 18:21
125.6059
125.0451
124.4844
123.9237
124.4844
123.9237
123.9237
123.3629
123.3629
122.2414
121.12
121.6807
121.6807
121.6807
121.6807
121.12
120.5592
121.12
121.6807
122.2414
121.6807
121.6807
122.2414
121.12
121.6807
122.2414
122.8022
122.2414
122.2414
122.2414
122.8022
122.8022
122.2415
122.8022
122.2415
121.12
121.12
121.12
120.5592
119.9985
119.4377
118.877
118.877
119.4378
119.9985
120.5592
119.9985
119.9985
121.12
121.12
# NewData 18:21
121.12
121.12
119.9985
118.877
118.3163
117.7555
117.1948
114.9518
114.3911
113.8304
112.7089
111.5874
111.5874
112.1481
112.1481
112.7089
112.7089
113.8304
114.3911
115.5126
116.634
116.634
116.0733
115.5126
114.9518
114.3911
114.3911
114.3911
114.3911
113.2696
112.1481
112.7089
113.2696
114.3911
115.5126
116.0733
116.0733
116.0733
116.0733
117.1948
118.3163
118.3163
118.3163
117.7555
117.1948
116.0733
116.0733
115.5126
114.3911
113.2696
# NewData 18:21
112.7089
111.0267
109.3444
108.7837
108.223
108.223
107.1015
107.1015
106.5407
105.98
105.98
106.5407
106.5407
106.5407
105.98
105.98
106.5407
105.98
104.2978
103.737
103.737
104.8585
104.2978
103.737
103.737
103.1763
103.1763
103.1763
103.737
103.737
104.2978
103.1763
102.6156
102.6156
101.4941
100.9334
100.9334
100.9334
102.0548
102.0548
101.4941
102.0548
102.0548
103.1763
104.2978
104.2978
104.8585
104.8585
103.737
103.1763
# NewData 18:21
101.4941
102.0548
100.9334
100.3726
100.3726
98.12965
98.12965
98.12965
98.6904
99.25114
99.25114
98.12965
97.00818
97.00818
96.44743
97.00818
97.00818
97.56892
97.00818
97.00818
97.56892
98.12965
99.25114
99.25114
99.81187
99.81187
98.69039
97.56892
97.00817
97.00817
95.8867
95.32595
94.20448
94.20448
94.20448
94.20448
94.76521
94.76521
94.76521
94.76521
94.76521
95.32596
95.8867
95.8867
95.32595
95.8867
95.32595
95.32595
94.76521
94.76521
# NewData 18:21
94.20448
94.20448
93.64373
93.08299
92.52225
93.64373
93.64373
93.08299
93.64374
93.64374
93.64374
93.64374
93.64374
94.20448
93.64374
93.08299
93.08299
93.08299
92.52225
91.96151
91.96151
91.96151
91.96151
92.52225
91.96151
91.96151
91.96151
91.40077
91.40077
91.40077
90.27928
89.71855
89.71855
88.59707
88.59707
88.59707
89.15781
89.15781
89.15781
90.27929
91.40077
91.96151
91.40077
92.52225
92.52225
91.9615
90.84003
90.27928
89.15781
88.03633
# NewData 18:21
87.47559
87.47559
86.91484
86.91484
85.79337
86.35411
86.35411
87.47559
87.47559
86.91484
85.79337
85.79337
85.79337
85.23263
86.35411
86.35411
86.91484
86.35411
86.35411
87.47559
87.47559
86.91486
86.91486
88.03633
88.03633
87.47559
87.47559
86.91486
87.47559
87.47559
88.03633
88.59706
88.59706
88.59706
88.03633
88.03633
88.59707
88.59707
87.47559
87.47559
86.91485
86.35411
85.79338
85.23264
85.23264
85.79338
85.23264
85.23264
83.55042
83.55042
# NewData 18:21
83.55042
82.98967
82.42894
82.42894
81.86819
80.74672
80.18597
80.18597
80.18597
80.18597
79.0645
79.62524
79.62524
79.0645
79.0645
79.0645
80.18597
79.0645
78.50376
79.62524
79.0645
79.0645
79.62524
78.50376
78.50376
77.38228
77.38228
78.50376
78.50376
78.50376
79.0645
78.50376
77.94302
78.50375
78.50375
79.0645
78.50375
78.50375
77.94302
77.38228
77.38228
77.38228
77.38228
77.38228
77.94302
77.94302
78.50375
79.06449
79.62523
79.62523
# NewData 18:21
79.06449
78.50375
77.94301
76.82153
75.70005
74.57858
73.45709
72.33562
72.33562
72.33562
71.77488
72.33562
72.89636
73.45709
74.01784
74.57858
74.57858
74.57858
74.01784
72.89636
72.89636
72.33562
72.33562
71.77488
71.21413
70.6534
70.6534
71.21413
71.21413
71.21413
70.6534
70.6534
70.09267
70.09267
70.09267
70.09267
70.6534
70.6534
70.09267
70.6534
71.77488
72.33562
72.89636
73.4571
74.01784
72.33562
72.33562
72.89636
72.89636
72.89636
# NewData 18:21
72.33562
71.21413
71.21413
70.6534
70.6534
71.77488
71.21413
70.6534
70.09267
68.41044
67.8497
67.8497
66.16749
65.60674
65.04601
64.48528
64.48528
64.48528
64.48528
64.48528
64.48528
65.60674
65.60674
66.16749
66.72823
67.28897
67.8497
67.28897
67.84971
67.84971
68.41045
68.41045
67.84971
67.84971
67.84971
67.84971
67.28896
67.84971
68.41045
68.41045
68.97118
68.97118
69.53193
68.97118
67.28896
66.16749
66.16749
66.16749
65.60674
66.16748
# NewData 18:21
63.92452
64.48527
63.92452
65.60675
66.72823
67.28896
67.28896
66.72823
65.60675
65.60675
66.1675
65.60675
66.1675
65.04601
63.92454
63.36379
62.80305
63.92454
63.92454
63.92454
63.36379
63.36379
63.36379
63.36379
63.36379
62.80305
62.80305
61.12084
60.5601
59.99936
59.99936
59.99936
59.43862
59.99936
60.5601
61.12084
61.68157
62.24232
63.36379
64.48528
65.04601
65.04601
65.60674
65.60674
65.60674
65.04601
64.48528
64.48528
63.36379
62.24231
# NewData 18:21
61.68157
61.12083
61.12083
61.12083
61.68157
62.24231
63.92453
63.92453
64.48528
65.60674
66.16749
66.16749
65.60674
65.04601
64.48528
63.36379
62.24232
61.12084
61.68158
59.43862
59.99935
60.5601
60.5601
60.5601
60.5601
59.99935
60.5601
59.99935
59.43861
60.5601
60.5601
59.43861
58.87787
58.87787
59.43861
59.99935
59.99935
60.5601
61.12084
61.12084
61.12084
61.68158
62.80305
62.80305
62.24232
62.24232
62.80306
61.68157
61.68157
61.68157
# NewData 18:21
62.24232
61.68157
61.68157
61.68157
61.68157
61.12084
60.5601
60.5601
60.5601
59.99935
59.99935
59.43861
59.99935
59.43861
59.43861
59.99935
60.56009
61.12083
61.12083
60.56009
59.99935
61.12083
60.56009
61.12083
60.5601
59.43862
58.87788
57.7564
57.7564
58.31714
58.31714
58.31714
58.31714
58.31714
58.87788
59.99936
60.5601
61.68157
62.80306
62.80306
62.24232
60.56009
59.99935
60.56009
59.99935
59.43861
57.19566
55.51343
54.95269
55.51343
# NewData 18:21
56.63491
57.19566
56.63491
56.63491
56.07418
55.51344
56.63491
56.63491
56.63491
56.07417
55.51343
54.95269
54.39194
54.39194
54.95269
55.51343
56.07417
56.63491
57.75639
57.19565
58.31713
58.31713
58.87787
58.31713
57.75639
58.31713
58.31713
56.63491
56.07417
57.7564
57.19566
57.7564
57.19566
58.31713
58.87788
58.31714
58.87788
59.99935
61.12084
60.5601
59.99935
59.99935
59.99935
59.43861
59.43861
59.43861
58.87788
58.31714
57.7564
57.19565
# NewData 18:21
58.31713
58.31713
58.31713
57.75639
56.63491
56.63491
56.63491
57.19566
58.31714
57.19566
57.7564
58.87787
58.87787
58.87787
59.99935
59.43861
59.43861
58.87787
58.87787
58.87787
57.75639
56.63491
56.63491
57.19564
57.75639
58.31713
58.87787
59.43861
58.87787
58.31714
58.87788
58.87788
58.31714
57.7564
56.63491
56.63491
56.07417
56.07417
56.07417
57.19566
57.19566
57.7564
57.19566
57.19566
57.19566
56.63491
56.07417
55.51343
55.51343
55.51343
# NewData 18:21
55.51343
56.63491
57.75639
58.31713
58.87787
58.87787
59.43861
59.99935
59.99935
59.43861
59.43861
59.43861
57.7564
57.19566
57.19566
58.31714
58.31714
57.7564
57.7564
58.31713
58.31713
58.87787
59.43861
58.87787
58.31713
57.75639
57.75639
57.75639
57.75639
57.75639
58.31713
59.43861
59.99935
61.12083
61.12083
61.12083
61.68157
61.12083
60.56008
59.99935
59.43861
58.31713
58.31713
57.7564
58.31713
59.43861
59.99935
61.12084
62.80305
63.36379
# NewData 18:22
64.48527
63.36379
62.80305
62.24231
61.68157
61.12083
60.5601
59.99935
59.43861
59.43861
58.87788
59.43862
59.99937
59.99937
59.99937
59.99937
59.43862
59.99935
59.99935
59.43862
59.43862
59.43862
59.99935
59.99935
59.99935
60.5601
61.68158
61.12084
61.68157
62.80305
62.80305
63.36379
62.80305
62.24231
61.68157
60.56009
59.99935
60.56009
59.99935
59.43861
59.99935
58.87787
58.87787
59.43861
59.43861
59.99935
57.19566
56.07417
56.07417
56.07417
# NewData 18:22
56.63491
57.19566
57.7564
58.87787
58.87787
59.99935
61.68157
62.80305
62.24231
60.5601
59.99935
59.43861
58.87788
58.31714
58.31714
57.7564
57.7564
57.19566
58.31714
58.87788
58.87788
58.87788
58.87788
59.43861
59.43861
59.99935
60.5601
61.12083
62.24232
62.24232
61.68157
61.68157
60.56009
59.43861
59.43861
58.31713
58.31713
57.7564
57.19566
58.31713
58.87787
59.43861
60.5601
61.12084
60.5601
61.12084
60.5601
60.5601
59.99935
58.87787
