# NewData 17:38
31.96237
33.83149
33.83149
31.96237
30.09324
31.96237
30.09324
30.09324
28.22411
30.09324
28.22411
30.09324
28.22411
30.09324
30.09324
30.09324
28.22411
28.22411
28.22411
30.09324
26.35497
24.48584
24.48584
28.22411
30.09324
28.22411
28.22411
28.22411
30.09324
30.09324
30.09324
30.09324
31.96237
33.8315
33.8315
31.96237
28.22411
28.22411
30.09324
30.09324
30.09324
28.22411
30.09324
30.09324
33.8315
33.8315
33.8315
31.96237
30.09324
28.22411
# NewData 17:38
31.96237
35.70063
35.70063
33.8315
31.96237
31.96237
30.09324
30.09324
28.22411
30.09324
28.22411
28.22411
26.35497
26.35497
28.22411
31.96237
31.96237
31.96237
30.09324
31.96237
30.09324
30.09324
30.09324
31.96237
31.96237
30.09324
30.09324
28.22411
28.22411
28.22411
30.09324
31.96237
31.96237
31.96237
33.8315
31.96237
31.96237
30.09324
31.96237
31.96237
31.96237
31.96237
30.09324
30.09324
28.22411
28.22411
28.22411
28.22411
26.35497
28.22411
# NewData 17:38
30.09324
30.09324
28.22411
28.22411
30.09324
31.96237
31.96237
33.8315
33.8315
33.8315
33.8315
35.70063
37.56976
35.70063
28.22411
28.22411
26.35497
30.09324
30.09324
31.96237
31.96237
31.96237
35.70064
35.70064
35.70064
31.96237
30.09324
30.09324
28.22411
30.09324
30.09324
30.09324
30.09324
30.09324
31.96237
31.96237
31.96237
31.96237
31.96237
30.09324
30.09324
33.8315
35.70064
33.8315
30.09324
30.09324
35.70064
33.83151
33.83151
26.35497
# NewData 17:38
24.48584
28.22411
30.09324
28.22411
26.35497
24.48584
26.35497
26.35497
24.48584
22.6167
22.6167
22.6167
24.48584
22.6167
24.48584
22.6167
24.48584
24.48584
26.35497
26.35497
28.22411
26.35497
26.35497
24.48584
26.35497
28.22411
28.22411
31.96237
31.96237
33.8315
41.30803
41.30803
39.4389
30.09324
30.09324
30.09324
30.09324
28.22411
28.22411
26.35497
26.35497
26.35497
26.35497
22.61671
22.61671
24.48584
30.09324
31.96237
31.96237
30.09324
# NewData 17:38
31.96237
33.83149
35.70063
33.8315
33.8315
33.8315
33.8315
30.09324
30.09324
30.09324
33.8315
35.70063
35.70063
35.70063
33.8315
28.22411
30.09323
31.96236
35.70063
33.8315
35.70064
35.70064
35.70064
31.96237
31.96237
33.8315
35.70063
37.56976
35.70063
33.8315
31.96237
31.96237
33.8315
33.8315
35.70063
33.8315
35.70063
33.8315
33.8315
33.8315
33.8315
35.70063
33.8315
35.70063
33.8315
37.56977
35.70064
35.70064
33.8315
37.56977
# NewData 17:38
35.70064
31.96237
33.8315
31.96237
33.83149
30.09323
31.96237
30.09324
30.09324
30.09324
30.09324
33.8315
35.70063
35.70063
35.70063
33.8315
31.96237
30.09324
28.22411
28.22411
28.22411
30.09324
33.8315
30.09323
31.96236
28.2241
31.96237
28.22411
28.22411
26.35497
28.22411
28.22411
30.09324
30.09324
30.09324
28.22411
28.22411
30.09324
31.96237
31.96237
30.09324
30.09324
30.09324
31.96237
31.96237
31.96237
28.22411
26.35497
28.2241
31.96237
# NewData 17:38
35.70063
33.8315
33.8315
31.96237
31.96237
33.8315
33.8315
33.8315
33.8315
33.8315
33.8315
31.96237
33.8315
33.8315
33.8315
26.35497
28.2241
28.2241
30.09323
31.96236
30.09323
28.2241
26.35497
26.35497
30.09324
30.09324
30.09324
31.96237
30.09324
30.09324
28.22411
31.96237
30.09323
31.96237
30.09324
31.96237
31.96237
31.96237
31.96237
31.96237
31.96237
33.8315
35.70063
35.70063
33.8315
31.96237
33.8315
35.70063
35.70063
33.8315
# NewData 17:38
31.96237
37.56977
37.56977
37.56977
31.96237
31.96237
31.96237
31.96237
31.96237
33.8315
33.8315
33.8315
31.96237
33.8315
35.70063
35.70063
33.8315
30.09324
30.09324
30.09324
31.96237
33.8315
33.8315
33.8315
31.96237
31.96237
33.8315
33.8315
33.8315
31.96237
31.96237
31.96237
31.96237
33.8315
35.70063
35.70063
33.8315
33.8315
35.70063
35.70063
33.8315
33.8315
33.8315
33.8315
31.96237
31.96237
31.96237
31.96237
30.09324
31.96237
# NewData 17:38
31.96237
31.96237
33.8315
33.8315
35.70063
35.70063
37.56976
37.56976
37.56976
39.4389
37.56977
35.70064
31.96237
30.09324
30.09324
30.09324
33.8315
33.8315
35.70063
35.70063
33.83149
33.83149
33.83149
37.56976
37.56976
35.70063
35.70063
35.70063
35.70063
35.70063
33.8315
33.8315
31.96237
33.8315
35.70063
37.56976
35.70063
35.70063
35.70063
35.70063
35.70063
35.70063
37.56976
37.56976
37.56976
37.56976
37.56976
37.56976
37.56976
37.56976
# NewData 17:38
39.4389
41.30803
39.43889
37.56977
30.09323
30.09323
31.96236
37.56976
37.56976
37.56976
37.56976
37.56976
35.70063
35.70063
35.70063
37.56976
37.56976
35.70063
35.70063
35.70063
37.56976
37.56976
35.70063
37.56977
37.56977
37.56977
35.70063
35.70063
37.56976
37.56976
35.70063
35.70063
35.70063
37.56976
35.70063
35.70063
33.8315
35.70063
33.8315
35.70063
35.70063
37.56976
35.70063
35.70063
35.70063
31.96237
30.09324
30.09324
33.8315
35.70063
# NewData 17:38
35.70063
35.70063
33.8315
33.8315
33.8315
35.70063
37.56976
37.56976
37.56976
37.56976
35.70063
35.70063
35.70063
41.30803
41.30803
41.30803
37.56976
35.70063
33.8315
33.8315
33.8315
39.43889
39.43889
41.30803
37.56976
37.56976
39.4389
39.4389
39.4389
31.96236
31.96236
30.09323
35.70063
37.56977
39.43889
39.43889
37.56976
37.56976
39.4389
39.4389
39.4389
37.56976
37.56976
35.70063
37.56977
37.56977
39.4389
35.70063
35.70063
33.8315
# NewData 17:38
35.70063
37.56976
35.70063
35.70063
37.56977
41.30803
39.43891
37.56977
35.70063
41.30803
39.43889
39.43889
33.8315
33.8315
33.8315
35.70063
37.56976
37.56976
37.56976
37.56976
39.4389
39.4389
39.4389
37.56976
45.04629
45.04629
45.04629
37.56976
41.30802
41.30802
39.43889
33.8315
33.8315
33.8315
33.8315
33.8315
37.56977
39.43889
39.43889
37.56976
37.56976
39.4389
39.4389
39.4389
37.56976
39.43889
33.83151
31.96237
35.70063
39.4389
# NewData 17:38
39.4389
39.4389
39.4389
39.4389
37.56976
41.30802
41.30802
43.17717
39.4389
41.30803
39.43889
39.43889
37.56976
37.56976
37.56976
37.56976
37.56976
39.4389
41.30803
35.70063
35.70063
35.70063
37.56977
35.70063
37.56977
37.56977
35.70064
33.8315
35.70063
35.70063
35.70063
35.70063
39.43889
39.43889
39.43889
37.56976
35.70063
35.70063
35.70063
37.56976
37.56976
33.83149
33.83149
33.83149
37.56976
37.56976
37.56976
37.56976
35.70063
35.70063
# NewData 17:38
41.30803
43.17717
46.91543
45.0463
43.17717
37.56977
39.43889
39.43889
37.56976
37.56976
37.56976
37.56976
37.56976
35.70063
35.70063
35.70063
37.56976
37.56976
35.70063
33.8315
33.8315
35.70063
37.56976
39.43889
41.30803
41.30803
39.4389
37.56976
37.56976
41.30803
41.30803
39.43889
35.70063
37.56977
41.30803
39.43891
37.56977
37.56977
39.4389
41.30803
39.4389
39.4389
37.56976
37.56976
39.43889
39.43889
33.83149
35.70063
33.8315
37.56977
# NewData 17:38
37.56977
45.0463
45.0463
41.30803
35.70063
35.70063
37.56976
37.56976
39.43889
39.43889
37.56977
35.70063
35.70063
37.56976
37.56976
37.56976
41.30802
43.17716
35.70063
33.83149
33.83149
37.56976
41.30803
45.04629
45.04629
41.30802
37.56976
37.56976
37.56976
41.30802
41.30802
41.30802
39.4389
39.4389
39.4389
37.56976
37.56976
37.56976
37.56976
35.70063
37.56977
37.56977
37.56977
35.70063
35.70063
35.70063
35.70063
35.70063
39.4389
41.30803
# NewData 17:38
43.17716
41.30802
37.56976
35.70063
35.70063
35.70063
39.4389
41.30803
41.30803
39.43889
37.56976
41.30802
41.30802
41.30802
35.70063
35.70063
35.70063
37.56976
37.56976
39.43889
41.30803
41.30803
41.30803
41.30803
43.17717
41.30803
39.4389
37.56976
41.30803
41.30803
43.17717
37.56977
37.56977
37.56977
43.17717
41.30803
45.04629
41.30803
43.17715
37.56976
37.56976
37.56976
39.4389
39.4389
43.17717
41.30802
33.83149
35.70063
35.70063
39.4389
# NewData 17:38
37.56976
37.56976
37.56976
37.56976
37.56976
37.56976
37.56976
39.43889
41.30803
41.30803
39.4389
37.56976
37.56976
37.56976
39.4389
37.56977
35.70063
37.56977
39.4389
37.56977
35.70063
35.70063
37.56976
37.56976
39.43889
43.17716
43.17716
41.30802
37.56976
37.56976
39.43889
39.43889
41.30803
39.4389
41.30803
41.30803
43.17717
41.30803
39.43889
37.56976
39.4389
35.70063
-33.45733
-24.11167
-20.37341
48.78455
37.56976
39.4389
41.30803
41.30803
# NewData 17:38
39.43889
39.43889
39.43889
39.43889
41.30803
41.30803
39.4389
37.56976
37.56976
37.56976
37.56976
37.56976
37.56976
37.56976
37.56976
39.43889
39.43889
39.43889
39.43889
39.43889
39.43889
37.56976
37.56976
41.30802
43.17716
41.30803
39.4389
39.4389
43.17717
41.30803
39.4389
39.4389
39.4389
39.4389
39.4389
41.30803
45.0463
45.0463
43.17717
41.30803
39.43889
39.43889
41.30803
43.17717
43.17717
39.43889
41.30803
41.30803
41.30803
41.30803
# NewData 17:38
39.4389
41.30803
41.30803
43.17717
43.17717
41.30803
41.30803
41.30803
45.0463
45.0463
43.17716
39.43889
43.17715
43.17715
45.0463
41.30803
41.30803
41.30803
37.56977
35.70063
35.70063
37.56976
37.56976
37.56976
37.56976
37.56976
35.70063
35.70063
33.8315
35.70063
35.70063
37.56976
37.56976
37.56976
35.70063
37.56977
37.56977
43.17716
41.30802
41.30802
37.56976
35.70063
37.56977
39.43891
41.30803
41.30803
39.4389
39.4389
39.4389
37.56977
# NewData 17:38
39.4389
46.91543
46.91543
46.91543
43.17717
41.30803
41.30803
39.4389
43.17717
43.17717
45.0463
43.17717
41.30803
39.43889
37.56976
39.4389
43.17717
45.0463
43.17716
39.43889
37.56976
41.30802
43.17717
46.91543
48.78456
48.78456
50.65369
46.91543
46.91543
41.30803
41.30803
45.0463
46.91543
46.91543
43.17717
46.91543
46.91543
46.91543
43.17717
43.17717
43.17717
43.17717
43.17717
45.0463
48.78456
50.65369
43.17717
43.17717
43.17717
46.91543
# NewData 17:38
45.0463
43.17717
43.17717
43.17717
43.17717
43.17717
45.0463
45.0463
45.0463
45.0463
46.91543
45.04629
46.91542
46.91542
48.78456
46.91543
46.91543
46.91543
41.30803
41.30803
41.30803
43.17717
43.17717
45.0463
43.17716
43.17716
39.43889
41.30803
41.30803
43.17717
43.17717
41.30803
41.30803
39.4389
41.30803
41.30803
43.17717
43.17717
37.56977
35.70063
35.70063
39.43889
39.43889
35.70063
35.70063
35.70063
37.56976
37.56976
37.56976
37.56976
# NewData 17:38
35.70063
35.70063
33.8315
35.70063
33.8315
33.8315
31.96237
30.09324
30.09324
30.09324
33.8315
35.70063
37.56976
35.70063
39.43889
41.30803
45.0463
39.4389
41.30803
43.17717
45.04629
41.30803
37.56976
39.4389
37.56977
37.56977
41.30803
43.17715
43.17715
35.70063
35.70063
35.70063
39.4389
39.4389
41.30803
39.43889
41.30803
39.4389
39.4389
37.56976
37.56976
37.56976
37.56976
39.43889
39.43889
37.56977
37.56977
35.70063
37.56976
37.56976
# NewData 17:38
39.4389
39.4389
39.4389
39.4389
43.17717
45.0463
43.17717
39.4389
37.56976
37.56976
43.17715
43.17715
43.17715
41.30803
43.17717
46.91543
43.17717
43.17717
39.43891
41.30803
41.30803
45.0463
43.17717
45.0463
45.0463
45.0463
41.30803
41.30803
41.30803
43.17717
43.17717
43.17717
43.17717
43.17717
43.17717
45.0463
45.0463
45.0463
43.17717
43.17717
45.0463
45.0463
46.91543
45.0463
45.0463
43.17717
43.17717
43.17717
41.30803
43.17717
# NewData 17:38
46.91543
46.91543
50.65369
50.65369
50.65369
46.91543
46.91543
46.91543
46.91543
46.91543
45.0463
48.78456
48.78456
50.65369
48.78456
48.78456
48.78456
48.78456
46.91543
45.0463
45.0463
46.91543
48.78456
50.65369
48.78456
45.04629
43.17716
45.04629
48.78456
46.91543
46.91543
46.91543
48.78456
50.65369
48.78456
46.91543
45.0463
45.0463
46.91543
46.91543
48.78456
48.78456
46.91543
46.91543
48.78456
50.65369
43.17717
45.0463
46.91542
54.39196
# NewData 17:38
52.52283
50.6537
45.0463
45.0463
48.78456
50.65369
48.78456
46.91543
46.91543
46.91543
46.91543
46.91543
50.65369
50.65369
46.91542
43.17716
43.17716
46.91543
45.04629
43.17717
43.17717
45.0463
45.0463
43.17717
43.17717
43.17717
45.0463
46.91543
48.78456
48.78456
46.91543
48.78456
48.78456
50.65369
48.78456
48.78456
48.78456
52.52283
52.52283
52.52283
48.78456
50.65369
50.65369
50.65369
48.78456
48.78456
46.91543
46.91543
46.91543
48.78456
# NewData 17:38
48.78456
46.91543
46.91543
46.91543
48.78456
48.78456
46.91543
45.0463
45.0463
46.91543
48.78456
48.78456
46.91543
45.0463
45.0463
46.91543
46.91543
46.91543
46.91543
46.91543
46.91543
46.91543
48.78456
48.78456
46.91543
46.91543
46.91543
50.65369
52.52282
50.65369
48.78456
46.91543
46.91543
45.0463
45.0463
46.91543
46.91543
46.91543
46.91543
46.91543
46.91543
50.6537
50.6537
50.6537
46.91543
48.78456
43.17717
41.30803
37.56977
41.30803
# NewData 17:38
43.17717
48.78456
46.91543
45.0463
45.0463
45.0463
46.91543
46.91543
50.65369
48.78456
48.78456
46.91543
48.78456
50.65369
50.65369
50.65369
48.78456
50.65369
48.78456
45.0463
45.0463
45.0463
46.91543
46.91543
48.78456
50.65369
54.39195
52.52282
50.65369
50.65369
50.65369
50.65369
46.91543
45.0463
43.17717
46.91543
48.78456
52.52282
50.65369
50.65369
48.78456
46.91543
46.91543
46.91543
46.91543
48.78456
46.91543
48.78456
46.91543
48.78456
# NewData 17:38
48.78456
48.78456
48.78456
48.78456
50.65369
50.65369
50.65369
48.78456
48.78456
46.91543
46.91543
46.91543
48.78456
46.91543
45.0463
45.0463
46.91543
48.78456
48.78456
46.91543
46.91543
46.91543
48.78456
48.78456
46.91543
46.91543
50.6537
54.39195
52.52283
46.91543
43.17717
39.43891
41.30803
43.17717
46.91543
45.0463
43.17717
45.0463
46.91543
48.78456
46.91543
45.0463
43.17717
45.0463
43.17717
43.17717
45.04629
46.91543
46.91543
45.0463
# NewData 17:38
48.78456
48.78456
50.65369
48.78456
50.65369
50.65369
48.78456
45.0463
45.0463
46.91543
48.78456
48.78456
48.78456
48.78456
48.78456
48.78456
48.78456
45.0463
45.0463
46.91543
48.78456
46.91543
46.91543
46.91543
48.78456
50.65369
50.65369
50.65369
46.91543
45.0463
45.0463
45.0463
45.0463
43.17717
45.0463
46.91543
50.65369
48.78456
46.91543
43.17717
45.0463
45.0463
45.0463
45.0463
46.91543
46.91543
46.91543
46.91543
48.78456
46.91543
# NewData 17:38
48.78456
50.65369
48.78456
46.91543
46.91543
48.78456
48.78456
48.78456
45.0463
46.91543
46.91543
48.78456
46.91543
46.91543
46.91543
48.78456
48.78456
48.78456
48.78456
50.65369
48.78456
48.78456
45.0463
45.0463
43.17717
45.0463
45.0463
45.0463
45.0463
46.91543
46.91543
45.0463
43.17717
46.91543
48.78456
50.65369
48.78456
48.78456
46.91543
46.91543
46.91543
48.78456
48.78456
48.78456
50.65369
50.65369
43.17717
43.17717
45.04629
50.65369
# NewData 17:38
50.65369
48.78456
50.65369
50.65369
48.78456
46.91543
45.0463
46.91543
45.0463
45.0463
45.0463
50.6537
52.52283
52.52283
48.78456
48.78456
48.78456
46.91543
46.91543
48.78456
48.78456
48.78456
50.65369
50.65369
50.65369
48.78456
48.78456
50.65369
50.65369
50.65369
46.91543
46.91543
48.78456
50.65369
52.52282
50.65369
54.39195
52.52283
54.39196
50.65369
56.26108
56.26108
58.13021
52.52282
52.52282
52.52282
52.52282
48.78456
50.6537
50.6537
# NewData 17:38
50.65369
50.65369
50.65369
50.65369
50.65369
52.52282
50.65369
50.65369
48.78456
50.65369
52.52282
52.52282
52.52282
52.52282
54.39195
52.52282
50.65369
50.65369
50.65369
50.65369
50.65369
50.65369
50.65369
48.78456
48.78456
48.78456
48.78456
48.78456
50.65369
52.52282
54.39195
54.39195
54.39195
52.52282
50.65369
48.78456
48.78456
48.78456
50.65369
52.52282
54.39195
52.52282
52.52282
50.65369
52.52282
52.52282
48.78456
46.91543
48.78456
52.52282
# NewData 17:38
54.39195
54.39195
54.39195
52.52282
52.52282
52.52282
54.39195
54.39195
54.39195
52.52282
50.65369
50.65369
52.52282
56.26108
50.6537
46.91543
46.91543
50.65369
52.52282
52.52282
50.65369
50.65369
52.52282
54.39195
52.52282
54.39195
54.39195
56.26108
54.39195
54.39195
54.39195
54.39195
52.52282
54.39196
54.39196
56.26108
54.39195
56.26108
58.13022
58.13022
58.13022
56.26108
56.26108
54.39195
58.13021
59.99935
59.99935
58.13022
56.26108
56.26108
# NewData 17:38
50.65369
48.78456
50.65369
50.65369
50.65369
50.65369
54.39195
56.26108
56.26108
54.39195
52.52282
52.52282
52.52282
52.52282
52.52282
52.52282
54.39195
54.39195
54.39195
54.39195
52.52282
52.52282
52.52282
54.39195
54.39195
56.26108
54.39195
52.52283
50.65369
52.52282
54.39195
54.39195
54.39195
54.39195
52.52282
52.52282
52.52282
54.39195
54.39195
54.39195
54.39195
54.39195
58.13021
58.13021
59.99935
56.26108
52.52282
52.52282
52.52282
56.26108
# NewData 17:38
170.2782
286.1645
402.0508
405.789
405.789
405.789
405.789
403.9199
400.1816
392.7051
387.0977
374.0138
355.3224
329.1546
295.5102
261.8658
222.6139
153.4559
127.2881
110.4659
91.7746
76.82154
63.73761
58.13022
54.39195
50.6537
46.91543
45.0463
45.0463
45.0463
46.91543
48.78456
52.52283
52.52283
52.52283
48.78456
48.78456
48.78456
46.91543
48.78456
50.65369
56.26108
58.13022
58.13022
56.26108
54.39195
54.39195
54.39195
54.39195
54.39195
# NewData 17:38
248.7818
355.3224
370.2755
372.1447
372.1447
372.1447
370.2755
366.5372
366.5372
364.6681
360.9298
351.5842
342.2385
331.0237
321.6781
310.4633
304.8559
295.5102
286.1646
273.0806
254.3892
230.0904
202.0534
175.8855
151.5868
131.0264
117.9424
104.8585
91.7746
78.69067
73.08327
69.34501
67.47588
67.47588
65.60675
63.73762
61.86849
63.73761
61.86848
59.99935
58.13022
59.99936
61.86849
61.86849
61.86849
59.99936
58.13022
58.13022
59.99935
63.73761
# NewData 17:38
82.42893
104.8585
136.6338
159.0634
183.3621
203.9225
226.3522
248.7818
271.2115
289.9028
306.725
319.8089
327.2855
336.6311
345.9768
357.1916
362.799
364.6681
366.5372
372.1446
372.1446
374.0138
374.0138
375.8829
374.0138
374.0138
374.0138
374.0138
374.0138
374.0138
374.0138
374.0138
375.8829
375.8829
374.0138
368.4064
362.799
359.0607
351.5841
340.3694
321.6781
302.9867
278.688
252.5201
220.7448
192.7077
166.5399
144.1103
123.5498
106.7277
# NewData 17:38
71.21415
58.13022
59.99935
59.99935
59.99935
56.26108
54.39195
54.39195
54.39195
52.52282
50.65369
52.52283
52.52283
52.52283
48.78456
48.78456
50.65369
50.65369
50.65369
48.78456
48.78456
48.78456
48.78456
46.91543
46.91543
46.91543
48.78456
48.78456
48.78456
48.78456
48.78456
50.65369
54.39195
52.52283
54.39196
50.6537
48.78456
45.04629
45.04629
48.78456
50.65369
50.65369
48.78456
45.0463
45.0463
45.0463
43.17717
43.17717
41.30803
43.17717
# NewData 17:39
73.08327
76.82153
86.1672
95.51286
104.8585
119.8116
129.1572
145.9794
155.3251
168.409
181.4929
198.3151
215.1373
228.2213
241.3053
250.651
261.8658
269.3424
280.5571
289.9028
297.3793
301.1176
302.9868
306.725
312.3324
316.0706
321.6781
325.4163
327.2855
325.4163
327.2855
327.2855
327.2855
325.4163
325.4163
325.4163
327.2855
332.8929
334.762
332.8929
329.1546
329.1546
329.1546
329.1546
327.2855
323.5472
312.3324
308.5941
304.8559
304.8559
# NewData 17:39
65.60674
65.60674
65.60674
63.73761
63.73761
63.73761
67.47588
67.47588
67.47588
63.73761
59.99935
58.13022
59.99935
61.86849
61.86849
59.99936
56.26109
54.39195
52.52282
56.26108
56.26108
58.13022
58.13022
59.99936
59.99936
59.99936
58.13022
59.99935
59.99935
61.86849
59.99936
61.86849
61.86849
63.73761
61.86849
61.86849
59.99936
59.99936
59.99936
58.13022
58.13022
58.13022
59.99936
59.99936
59.99936
59.99936
59.99936
63.73762
61.86848
61.86848
# NewData 17:39
58.13022
54.39195
56.26109
54.39196
56.26108
56.26108
56.26108
58.13022
59.99935
61.86849
59.99935
56.26108
54.39195
56.26108
56.26108
58.13022
58.13022
58.13022
56.26108
56.26108
56.26108
58.13022
56.26108
58.13022
58.13022
59.99936
59.99936
58.13022
56.26108
54.39195
54.39195
54.39195
54.39195
54.39195
54.39195
54.39195
52.52282
52.52282
50.65369
50.65369
48.78456
50.65369
54.39195
54.39195
54.39195
50.65369
48.78456
52.52283
52.52283
58.13022
# NewData 17:39
142.2412
226.3522
308.5941
308.5941
310.4633
312.3324
312.3324
312.3324
310.4633
310.4633
306.725
302.9867
289.9028
273.0806
235.6979
220.7448
203.9225
181.4929
159.0634
140.372
123.5498
108.5968
93.64373
86.1672
78.69067
74.9524
69.34501
69.34501
67.47588
69.34501
69.34501
71.21414
71.21414
71.21414
69.34501
71.21414
69.34501
69.34501
63.73761
63.73761
63.73761
65.60674
63.73761
63.73761
61.86849
63.73761
63.73761
65.60674
67.47588
67.47588
# NewData 17:39
274.9497
377.752
375.8829
374.0138
374.0138
372.1446
364.6681
355.3224
342.2385
329.1546
310.4633
288.0337
265.6041
241.3053
217.0065
192.7077
168.409
147.8486
131.0264
116.0733
106.7277
97.382
93.64373
88.03632
84.29807
80.55979
80.55979
78.69067
78.69067
74.9524
74.9524
73.08327
73.08327
71.21414
71.21414
71.21414
71.21414
71.21414
71.21414
69.34501
69.34501
67.47588
71.21414
71.21414
73.08327
71.21414
67.47588
65.60675
65.60675
69.34501
# NewData 17:39
134.7647
202.0535
274.9497
288.0337
302.9867
310.4633
316.0706
321.6781
327.2855
332.8929
334.762
340.3694
342.2385
342.2385
344.1077
344.1077
345.9768
347.8459
349.7151
351.5841
349.715
347.8459
345.9768
344.1077
344.1077
344.1077
345.9768
345.9768
342.2385
336.6311
329.1546
317.9398
302.9867
284.2954
265.6041
245.0436
222.6139
202.0534
181.4929
162.8016
144.1103
127.2881
116.0733
104.8585
99.25112
89.90546
86.1672
82.42893
80.55979
78.69067
# NewData 17:39
69.34501
65.60674
63.73761
63.73761
61.86849
63.73761
63.73761
63.73761
61.86849
58.13022
59.99935
59.99935
61.86849
59.99936
59.99936
58.13022
56.26108
54.39195
54.39195
54.39195
52.52282
52.52282
50.65369
52.52282
52.52282
54.39195
54.39195
54.39195
54.39195
54.39195
54.39195
54.39195
58.13021
58.13021
59.99935
50.65369
50.65369
50.65369
58.13022
58.13022
59.99935
58.13021
58.13021
54.39195
52.52282
50.65369
54.39195
50.6537
52.52283
50.65369
# NewData 17:39
52.52282
50.65369
48.78456
48.78456
50.65369
50.65369
50.65369
48.78456
48.78456
48.78456
48.78456
48.78456
48.78456
48.78456
50.65369
48.78456
48.78456
43.17717
43.17717
43.17717
46.91543
46.91543
48.78456
48.78456
48.78456
48.78456
48.78456
48.78456
46.91543
46.91543
46.91543
50.65369
50.65369
50.65369
48.78456
48.78456
48.78456
48.78456
48.78456
52.52283
52.52283
54.39195
48.78456
48.78456
48.78456
50.65369
54.39195
52.52283
52.52283
46.91543
# NewData 17:40
37.56977
33.8315
33.8315
35.70063
37.56976
37.56976
35.70063
33.8315
31.96237
33.8315
35.70063
37.56976
37.56976
37.56976
37.56976
37.56976
35.70063
37.56977
35.70064
37.56977
35.70063
35.70063
35.70063
35.70063
37.56976
35.70063
35.70063
37.56977
39.43889
39.43889
37.56976
39.4389
39.4389
39.4389
37.56976
37.56976
37.56976
37.56976
37.56976
37.56976
35.70063
35.70063
35.70063
37.56976
37.56976
35.70063
33.8315
35.70063
33.83149
37.56976
# NewData 17:40
39.43889
39.43889
39.43889
37.56976
37.56976
35.70063
35.70063
37.56977
41.30803
41.30803
39.4389
37.56976
37.56976
37.56976
37.56976
37.56976
37.56976
39.4389
37.56977
35.70063
35.70063
39.4389
39.4389
37.56977
35.70063
35.70063
39.43889
39.43889
41.30803
39.4389
39.4389
37.56976
37.56976
37.56976
35.70063
35.70063
35.70063
37.56976
37.56976
37.56976
37.56976
37.56976
37.56976
37.56976
37.56976
37.56976
35.70063
33.8315
33.8315
33.8315
# NewData 17:40
33.8315
35.70063
33.8315
33.8315
33.8315
35.70063
35.70063
35.70063
35.70063
37.56976
35.70063
35.70063
35.70063
39.4389
37.56977
35.70064
31.96237
31.96237
33.8315
35.70063
35.70063
35.70063
35.70063
37.56976
37.56976
35.70063
35.70063
33.8315
35.70063
35.70063
37.56976
37.56976
37.56976
37.56976
37.56976
37.56976
37.56976
37.56976
37.56976
37.56976
37.56976
37.56976
35.70063
35.70063
35.70063
35.70063
31.96237
31.96237
31.96237
33.8315
# NewData 17:40
35.70063
33.8315
33.8315
33.8315
33.8315
33.8315
33.8315
35.70063
35.70063
31.96237
30.09324
31.96237
35.70063
39.4389
37.56977
35.70064
35.70064
35.70064
30.09324
30.09324
31.96237
33.8315
31.96237
31.96237
33.83149
35.70063
33.8315
31.96237
31.96237
31.96237
31.96237
33.8315
33.8315
35.70063
33.8315
35.70063
33.8315
31.96237
30.09324
31.96237
33.8315
33.8315
33.8315
33.8315
33.8315
31.96237
31.96237
31.96237
31.96237
31.96237
# NewData 17:40
35.70064
37.56977
37.56977
35.70063
33.8315
35.70063
33.8315
33.8315
31.96237
31.96237
33.8315
35.70063
35.70063
31.96237
30.09324
30.09324
33.8315
33.8315
31.96237
30.09324
30.09324
33.8315
33.8315
35.70063
31.96237
31.96237
30.09324
35.70064
35.70064
35.70064
31.96237
35.70064
35.70064
37.56977
33.8315
35.70063
35.70063
35.70063
33.8315
31.96237
31.96237
30.09324
30.09324
30.09324
31.96237
31.96237
28.22411
28.22411
28.22411
31.96237
# NewData 17:40
30.09324
30.09324
28.22411
33.8315
35.70063
39.4389
37.56976
37.56976
35.70063
33.8315
30.09324
30.09324
28.22411
30.09324
31.96237
33.8315
33.8315
31.96237
31.96237
30.09324
30.09324
31.96237
33.8315
31.96237
31.96237
33.83149
35.70063
35.70063
33.8315
33.8315
31.96237
31.96237
31.96237
31.96237
31.96237
31.96237
31.96237
31.96237
31.96237
31.96237
31.96237
31.96237
31.96237
33.8315
33.8315
33.8315
35.70064
37.56977
37.56977
35.70063
# NewData 17:40
37.56976
37.56976
37.56976
35.70063
33.8315
35.70064
37.56977
39.4389
35.70063
31.96237
31.96237
33.83149
35.70063
35.70063
33.8315
33.8315
31.96237
31.96237
35.70064
37.56977
37.56977
33.8315
31.96237
31.96237
30.09324
30.09324
28.22411
31.96237
31.96237
33.8315
33.8315
35.70063
35.70063
35.70063
33.8315
39.4389
37.56977
37.56977
30.09324
30.09324
30.09324
28.22411
28.22411
26.35497
30.09324
33.8315
37.56977
37.56977
31.96237
28.22411
# NewData 17:40
30.09323
37.56976
41.30802
41.30802
33.83149
30.09323
30.09323
33.83149
35.70063
33.8315
31.96237
33.8315
33.8315
33.8315
30.09324
28.22411
30.09323
31.96237
33.8315
30.09324
30.09324
30.09324
33.8315
33.8315
35.70063
33.8315
33.8315
31.96237
31.96237
31.96237
30.09324
30.09324
30.09324
31.96237
30.09324
30.09324
30.09324
33.8315
33.8315
33.8315
31.96237
33.8315
35.70063
35.70063
33.8315
30.09324
28.22411
28.22411
31.96237
31.96237
# NewData 17:40
31.96237
33.8315
33.8315
31.96237
31.96237
33.8315
30.09323
28.2241
26.35497
31.96237
35.70063
35.70063
31.96237
30.09324
31.96237
31.96237
35.70063
31.96237
33.8315
31.96237
33.8315
33.8315
33.8315
35.70063
37.56976
35.70063
31.96237
30.09324
30.09324
31.96237
31.96237
31.96237
31.96237
31.96237
31.96237
33.8315
33.8315
33.8315
33.8315
33.8315
33.8315
31.96237
33.8315
33.8315
33.8315
30.09324
26.35497
30.09323
30.09323
33.8315
# NewData 17:40
31.96237
30.09324
30.09324
28.22411
28.22411
26.35497
26.35497
30.09323
30.09323
30.09323
28.22411
28.22411
30.09324
30.09324
30.09324
30.09324
30.09324
31.96237
31.96237
28.22411
26.35497
26.35497
28.22411
28.22411
26.35497
28.22411
28.22411
31.96237
30.09323
31.96237
28.22411
28.22411
26.35497
28.22411
30.09324
31.96237
30.09324
30.09324
30.09324
30.09324
30.09324
28.22411
30.09324
28.22411
28.22411
26.35497
26.35497
26.35497
26.35497
26.35497
# NewData 17:40
209.5301
306.725
314.2015
312.3324
310.4633
310.4633
306.725
295.5102
282.4263
271.2115
259.9967
241.3053
220.7448
198.3151
181.4929
162.8016
145.9794
127.2881
114.2042
101.1203
91.7746
80.5598
74.9524
67.47588
61.86848
56.26108
56.26108
52.52283
48.78457
43.17717
45.0463
46.91543
46.91543
45.0463
43.17717
43.17717
43.17717
43.17717
43.17717
43.17717
43.17717
43.17717
45.0463
45.0463
45.0463
41.30803
43.17717
46.91542
50.65369
48.78456
# NewData 17:40
46.91543
45.0463
45.0463
48.78457
50.6537
52.52283
46.91543
45.0463
45.0463
45.0463
45.0463
43.17717
43.17717
43.17717
45.0463
46.91543
45.04629
43.17717
45.0463
48.78456
48.78456
45.0463
43.17717
45.0463
46.91543
48.78456
46.91543
46.91543
46.91543
46.91543
46.91543
46.91543
48.78456
46.91543
45.0463
45.0463
45.0463
41.30803
39.4389
37.56977
39.4389
39.4389
39.4389
41.30803
39.4389
39.4389
37.56976
39.4389
39.4389
39.4389
# NewData 17:40
35.70063
35.70063
35.70063
37.56976
37.56976
35.70063
35.70063
35.70063
41.30802
41.30802
41.30802
37.56976
39.43889
39.43889
39.43889
37.56976
37.56976
37.56976
37.56976
35.70063
35.70063
35.70063
37.56976
37.56976
37.56976
37.56976
39.4389
37.56977
35.70064
37.56977
39.4389
41.30802
35.70063
35.70063
35.70063
35.70063
33.8315
31.96237
33.8315
35.70063
35.70063
35.70063
35.70063
37.56976
37.56976
35.70063
30.09323
33.8315
33.8315
39.43889
# NewData 17:40
37.56976
37.56976
35.70063
35.70063
35.70063
37.56976
37.56976
35.70063
35.70063
37.56977
39.43889
39.43889
39.43889
37.56977
35.70064
33.8315
33.8315
33.8315
28.22411
28.22411
28.22411
33.8315
35.70063
33.83149
30.09323
26.35497
28.22411
30.09324
31.96237
31.96237
31.96237
33.8315
33.8315
33.8315
31.96237
30.09324
30.09324
31.96237
35.70063
35.70063
35.70063
33.8315
33.8315
33.8315
33.8315
33.8315
31.96237
30.09324
28.22411
26.35497
# NewData 17:40
30.09324
31.96237
31.96237
33.8315
33.8315
35.70063
33.8315
33.8315
31.96237
31.96237
31.96237
30.09324
30.09324
30.09324
31.96237
31.96237
31.96237
31.96237
31.96237
31.96237
31.96237
30.09324
30.09324
33.83151
35.70064
35.70064
30.09324
28.22411
28.22411
30.09324
31.96237
31.96237
30.09324
30.09324
31.96237
33.8315
33.8315
31.96237
31.96237
31.96237
31.96237
31.96237
35.70064
35.70064
35.70064
31.96237
28.22411
31.96237
31.96237
35.70064
# NewData 17:40
33.8315
35.70063
35.70063
31.96237
31.96237
31.96237
33.8315
31.96237
31.96237
33.8315
35.70063
35.70063
33.8315
33.8315
35.70063
37.56976
37.56976
41.30803
35.70057
39.43883
43.1771
61.86849
65.60675
73.08327
82.42893
95.51286
108.5968
123.5498
142.2412
162.8016
185.2312
205.7917
228.2213
246.9127
263.735
274.9497
288.0337
297.3794
308.5941
310.4633
321.6781
329.1546
342.2385
344.1077
345.9768
347.8459
349.715
353.4533
355.3224
357.1916
# NewData 17:40
159.0634
58.13022
58.13022
58.13022
58.13022
58.13022
59.99935
61.86849
61.86849
59.99936
58.13022
58.13022
59.99935
65.60675
71.21414
76.82153
84.29806
93.64371
99.25112
114.2042
132.8955
160.9325
181.4929
202.0534
220.7448
241.3053
259.9967
276.8189
291.7719
306.725
321.6781
332.8929
340.3694
345.9768
351.5841
355.3224
353.4533
357.1916
359.0607
364.6681
364.6681
366.5372
366.5372
364.6681
359.0607
357.1916
347.8459
342.2385
336.6311
331.0237
# NewData 17:40
239.4362
147.8486
61.86849
61.86849
61.86849
59.99935
58.13022
59.99935
61.86849
61.86849
61.86849
65.60675
76.82153
88.03632
101.1203
123.5498
147.8486
174.0164
198.3151
218.8757
241.3053
263.735
284.2954
297.3794
306.725
316.0707
323.5472
332.8929
336.6311
344.1077
347.8459
351.5841
351.5841
351.5841
353.4533
357.1916
360.9298
362.799
360.9298
357.1916
355.3224
353.4533
353.4533
349.715
342.2385
329.1546
314.2015
297.3794
280.5572
258.1276
# NewData 17:40
125.419
67.47588
65.60675
63.73761
65.60674
69.34501
74.9524
82.42893
84.29807
84.29807
86.1672
93.64373
106.7277
119.8116
134.7646
151.5868
175.8855
196.446
217.0065
231.9597
254.3893
269.3424
282.4263
289.9028
299.2484
310.4633
319.8089
329.1546
334.762
338.5002
344.1077
347.8459
355.3224
359.0607
362.799
362.799
364.6681
364.6681
366.5372
366.5372
364.6681
362.799
359.0607
357.1916
349.7151
340.3694
310.4633
297.3794
286.1646
271.2115
# NewData 17:40
194.577
121.6808
58.13022
56.26108
56.26108
54.39195
56.26108
56.26108
56.26108
56.26108
58.13022
59.99936
59.99936
59.99936
61.86849
63.73761
69.34501
73.08327
74.9524
86.1672
93.64374
104.8585
114.2042
127.2881
142.2412
157.1942
175.8855
190.8386
207.6608
220.7448
233.8288
248.7819
259.9967
273.0807
280.5572
289.9028
293.6411
297.3794
301.1176
306.725
310.4633
312.3324
312.3324
308.5941
306.725
295.5102
286.1646
265.6041
250.651
226.3522
# NewData 17:40
108.5968
63.73761
63.73761
61.86849
59.99936
59.99936
59.99936
61.86849
63.73761
67.47588
71.21414
78.69067
84.29807
97.382
114.2042
142.2412
170.2782
196.446
218.8757
237.567
256.2584
271.2115
282.4263
293.6411
302.9867
308.5941
312.3324
314.2015
319.8089
319.8089
321.6781
321.6781
323.5472
325.4163
323.5472
325.4163
323.5472
325.4163
323.5472
323.5472
319.8089
310.4633
297.3794
284.2954
271.2115
256.2584
224.483
215.1373
203.9225
190.8386
# NewData 17:40
147.8486
108.5968
74.9524
69.34501
69.34501
67.47588
69.34501
69.34501
69.34501
67.47588
65.60674
67.47588
67.47588
67.47588
65.60674
65.60674
63.73761
63.73761
65.60675
67.47588
65.60675
63.73761
61.86849
61.86849
59.99936
63.73762
61.86848
63.73761
59.99935
61.86849
61.86849
63.73761
65.60674
69.34501
73.08327
78.69067
82.42893
86.1672
91.7746
99.25113
110.4659
121.6807
136.6338
155.3251
175.8856
192.7077
207.6608
222.6139
239.4362
256.2584
# NewData 17:40
166.54
110.4659
102.9894
99.25113
95.51286
93.64371
91.7746
89.90546
89.90546
89.90546
89.90546
86.1672
89.90546
86.1672
84.29807
78.69067
76.82153
76.82153
74.9524
76.82153
76.82153
76.82153
74.9524
73.08327
73.08327
73.08327
73.08327
69.34501
71.21414
71.21414
73.08327
69.34501
69.34501
69.34501
69.34501
69.34501
69.34501
71.21414
67.47588
65.60675
63.73761
63.73761
61.86849
61.86849
59.99935
56.26108
59.99935
59.99935
59.99935
56.26108
# NewData 17:40
52.52282
52.52282
52.52282
54.39195
54.39195
52.52282
52.52282
50.65369
52.52282
52.52282
56.26108
54.39195
52.52283
50.65369
52.52282
50.65369
50.65369
48.78456
52.52282
52.52282
52.52282
52.52282
52.52282
52.52282
50.65369
50.65369
52.52282
52.52282
50.65369
50.65369
52.52282
54.39195
54.39195
48.78455
48.78455
52.52282
58.13021
58.13021
54.39195
54.39195
54.39195
54.39195
52.52282
50.65369
48.78456
50.65369
50.65369
50.65369
48.78456
48.78456
# NewData 17:40
50.65369
50.65369
48.78456
46.91543
48.78456
50.65369
50.65369
48.78456
50.65369
48.78456
50.65369
46.91543
48.78456
46.91543
48.78456
50.65369
52.52282
52.52282
50.65369
50.65369
52.52282
52.52282
50.65369
48.78456
48.78456
48.78456
48.78456
48.78456
48.78456
48.78456
46.91543
46.91543
46.91543
50.65369
48.78456
50.65369
48.78456
50.65369
46.91543
48.78456
48.78456
48.78456
45.0463
46.91543
48.78456
50.65369
45.04629
43.17716
41.30803
45.0463
# NewData 17:40
45.0463
46.91543
46.91543
48.78456
48.78456
46.91543
46.91543
45.0463
46.91543
45.0463
46.91543
46.91543
48.78456
50.65369
48.78456
48.78456
46.91543
48.78456
43.17716
43.17716
45.04629
46.91543
45.0463
45.0463
45.0463
46.91543
45.0463
46.91543
45.0463
46.91543
46.91543
48.78456
46.91543
48.78456
46.91543
48.78456
46.91543
46.91543
45.0463
46.91543
46.91543
50.65369
46.91543
46.91543
45.0463
46.91543
46.91543
46.91543
46.91543
48.78456
# NewData 17:40
48.78456
48.78456
48.78456
46.91543
45.0463
45.0463
45.0463
45.0463
43.17717
43.17717
45.0463
46.91543
46.91543
45.0463
45.0463
45.0463
45.0463
45.0463
46.91543
46.91543
46.91543
45.0463
48.78456
43.17717
43.17717
39.43891
46.91543
48.78456
48.78456
46.91543
45.0463
46.91543
45.0463
46.91543
45.0463
45.0463
45.0463
45.0463
45.0463
43.17717
43.17717
43.17717
45.0463
45.0463
46.91543
45.0463
39.43891
39.43891
39.43891
43.17717
# NewData 17:40
43.17717
43.17717
43.17717
45.0463
45.0463
46.91543
45.0463
43.17717
41.30803
41.30803
43.17717
43.17717
43.17717
41.30803
43.17717
43.17717
46.91543
43.17717
45.04629
41.30802
35.70063
35.70063
37.56977
41.30803
43.17717
41.30803
37.56977
37.56977
37.56977
39.4389
37.56976
39.43889
39.43889
37.56977
35.70063
35.70063
37.56976
37.56976
35.70063
35.70063
37.56977
39.43889
39.43889
39.43889
39.43889
39.43889
35.70063
33.8315
33.8315
33.8315
# NewData 17:40
37.56977
37.56977
35.70063
37.56977
39.4389
39.4389
37.56976
37.56976
35.70063
37.56977
39.4389
41.30803
39.43889
37.56976
37.56976
37.56976
35.70063
35.70063
35.70063
35.70063
37.56977
37.56977
39.4389
39.4389
39.4389
41.30803
43.17716
43.17716
43.17716
39.43889
41.30803
39.4389
39.4389
35.70063
35.70063
35.70063
37.56976
37.56976
37.56976
35.70063
35.70063
35.70063
35.70063
33.8315
33.8315
35.70063
35.70063
35.70063
37.56977
43.17716
# NewData 17:40
45.0463
43.17717
41.30803
39.4389
41.30803
39.43889
39.43889
39.43889
39.43889
41.30803
39.4389
41.30803
39.4389
39.4389
37.56976
35.70063
37.56977
37.56977
41.30803
39.43889
39.43889
39.43889
41.30803
43.17717
41.30803
39.4389
37.56976
39.43889
39.43889
39.43889
39.43889
41.30803
41.30803
39.4389
37.56976
39.4389
41.30803
41.30803
39.43889
37.56976
39.4389
39.4389
39.4389
37.56976
37.56976
37.56976
37.56976
37.56976
37.56976
39.4389
# NewData 17:40
41.30803
39.4389
37.56976
37.56976
37.56976
39.4389
37.56977
37.56977
35.70063
37.56976
39.4389
39.4389
41.30803
41.30803
43.17717
43.17717
43.17717
41.30803
41.30803
41.30803
43.17717
43.17717
45.0463
43.17716
41.30802
30.09323
33.8315
33.8315
41.30802
37.56976
39.43889
41.30803
43.17717
43.17717
41.30803
41.30803
39.4389
39.4389
39.4389
39.4389
41.30803
41.30803
41.30803
41.30803
41.30803
41.30803
37.56976
39.4389
35.70063
41.30803
# NewData 17:40
41.30803
43.17717
43.17717
41.30803
39.4389
37.56976
41.30803
43.17717
43.17717
41.30803
43.17716
43.17716
43.17716
39.43889
39.43889
37.56976
35.70063
37.56977
39.4389
41.30803
39.4389
39.4389
37.56977
37.56977
35.70063
41.30802
43.17716
43.17716
37.56977
33.8315
31.96237
33.8315
35.70063
35.70063
37.56977
35.70064
37.56977
33.8315
33.8315
31.96237
37.56977
41.30803
45.0463
41.30803
37.56977
33.8315
33.8315
33.8315
33.8315
31.96237
# NewData 17:40
170.2782
248.7818
258.1276
263.735
263.735
265.6041
265.6041
267.4732
269.3424
269.3424
265.6041
263.735
263.735
263.735
265.6041
263.735
263.735
259.9967
256.2584
245.0436
233.8287
218.8756
205.7916
188.9695
172.1473
155.3251
142.2412
125.419
110.4659
93.64373
84.29807
76.82153
69.34501
61.86848
54.39195
48.78456
46.91543
45.0463
45.0463
45.0463
46.91543
46.91543
46.91543
45.0463
45.0463
43.17717
41.30803
39.4389
39.4389
41.30803
# NewData 17:40
41.30803
39.43889
30.09323
28.2241
28.2241
35.70063
39.4389
39.4389
39.4389
37.56976
37.56976
35.70063
35.70063
33.8315
35.70063
35.70063
37.56976
33.83149
33.83149
33.83149
37.56976
35.70063
33.8315
33.8315
35.70063
41.30803
41.30803
41.30803
37.56976
37.56976
35.70063
33.8315
35.70064
41.30803
43.17717
41.30802
35.70063
33.8315
35.70064
35.70064
35.70064
33.8315
33.8315
33.8315
31.96237
33.8315
33.8315
35.70063
33.8315
35.70063
# NewData 17:40
33.8315
31.96237
33.8315
33.8315
33.8315
31.96237
31.96237
30.09324
30.09324
28.22411
30.09324
30.09324
31.96237
31.96237
33.8315
33.8315
33.8315
31.96237
31.96237
31.96237
31.96237
35.70064
37.56977
41.30803
39.4389
39.4389
37.56976
37.56976
37.56976
41.30802
41.30802
39.43889
35.70063
37.56977
41.30803
41.30803
41.30803
39.4389
39.4389
37.56976
37.56976
35.70063
33.8315
31.96237
31.96237
31.96237
31.96237
33.83149
35.70063
39.43889
# NewData 17:40
39.43889
37.56976
35.70063
33.8315
33.8315
30.09323
30.09323
28.22411
31.96237
30.09324
30.09324
30.09324
30.09324
30.09324
30.09324
33.8315
33.8315
35.70063
33.8315
26.35497
26.35497
28.22411
30.09324
31.96237
31.96237
33.8315
33.8315
33.8315
31.96237
30.09324
30.09324
33.8315
33.8315
33.8315
33.8315
31.96237
31.96237
28.22411
30.09324
30.09324
30.09324
30.09324
28.22411
28.22411
26.35497
26.35497
28.22411
26.35497
24.48584
22.6167
# NewData 17:40
24.48584
20.74758
17.00931
17.00931
17.00931
18.87844
17.00931
18.87844
17.00931
18.87844
15.14011
17.00924
15.14011
20.74757
20.74757
20.74757
15.14011
13.27098
13.27098
17.00931
18.87844
20.74757
20.74757
22.6167
22.6167
22.6167
18.87844
18.87844
18.87844
18.87844
17.00931
17.00931
18.87844
20.74757
18.87844
18.87844
18.87844
22.6167
22.6167
22.6167
22.6167
20.74758
18.87845
15.14018
15.14018
11.40184
13.27097
13.27097
18.87844
17.00931
# NewData 17:40
20.74757
17.00924
17.00924
15.14011
20.74758
20.74758
20.74758
18.87844
17.00931
18.87844
17.00931
17.00931
17.00931
17.00931
17.00931
17.00931
18.87844
18.87844
17.00931
17.00931
17.00931
18.87844
18.87844
22.6167
22.6167
22.6167
18.87844
18.87844
18.87844
18.87844
18.87844
18.87844
20.74757
20.74757
18.87844
18.87844
18.87844
18.87844
17.00931
17.00931
17.00931
17.00931
17.00931
18.87844
20.74757
18.87844
15.14011
17.00924
15.14011
17.00931
# NewData 17:40
17.00931
17.00931
17.00931
13.27098
13.27098
15.14011
18.87844
20.74757
18.87844
17.00931
15.14018
15.14018
17.00931
17.00931
18.87844
17.00931
18.87844
18.87844
15.14011
15.14011
15.14011
18.87844
17.00931
17.00931
17.00931
17.00931
17.00931
15.14018
15.14018
17.00931
17.00931
15.14011
15.14011
17.00924
18.87844
17.00931
17.00931
18.87844
18.87844
17.00931
17.00931
20.74758
20.74758
20.74758
18.87844
20.74757
22.6167
22.6167
20.74757
18.87844
# NewData 17:40
20.74757
18.87844
17.00931
15.14018
15.14018
15.14018
15.14018
15.14018
18.87845
20.74757
20.74757
17.00931
15.14018
15.14018
15.14018
15.14018
15.14018
17.00931
18.87844
18.87844
17.00931
17.00931
17.00931
17.00931
17.00931
17.00931
17.00931
17.00931
18.87844
18.87844
18.87844
17.00931
17.00931
17.00931
17.00931
17.00931
15.14018
15.14018
15.14018
15.14018
18.87845
18.87845
22.61671
20.74758
20.74758
15.14011
15.14011
11.40184
15.14018
15.14018
# NewData 17:40
15.14018
17.00931
18.87844
18.87844
17.00931
15.14018
17.00931
17.00931
20.74757
18.87845
20.74758
18.87844
18.87844
18.87844
18.87844
20.74757
18.87844
13.27098
15.14011
17.00924
17.00924
15.14011
13.27098
15.14018
15.14018
15.14018
15.14018
15.14018
15.14018
13.27098
15.14011
15.14011
17.00931
18.87845
18.87845
20.74757
17.00931
15.14011
13.27098
13.27098
17.00931
18.87844
18.87844
18.87844
17.00931
15.14011
15.14011
15.14011
18.87844
17.00931
# NewData 17:40
18.87844
20.74757
18.87844
15.14011
13.27098
11.40178
15.14011
15.14011
17.00931
15.14018
17.00931
17.00931
17.00931
15.14018
15.14018
15.14018
17.00931
17.00931
18.87844
18.87844
17.00924
17.00924
15.14011
17.00931
15.14018
13.27098
13.27098
15.14011
17.00931
18.87844
17.00931
17.00931
17.00931
18.87844
18.87844
18.87844
18.87844
20.74757
22.6167
20.74757
20.74757
18.87844
18.87844
18.87844
18.87844
20.74757
15.14011
15.14011
17.00924
18.87844
# NewData 17:40
17.00931
15.14018
15.14018
17.00931
17.00931
17.00931
15.14018
17.00931
17.00931
18.87844
17.00931
17.00931
15.14018
17.00931
17.00931
18.87844
20.74758
20.74758
13.27097
13.27097
9.532646
13.27098
13.27098
15.14018
15.14018
15.14018
17.00931
17.00931
17.00931
15.14018
15.14018
15.14018
15.14018
17.00931
18.87844
18.87844
17.00931
15.14018
15.14018
15.14018
17.00931
18.87844
20.74757
20.74757
20.74757
18.87844
18.87844
20.74757
22.6167
20.74757
# NewData 17:40
24.48583
26.35497
18.87844
17.00931
17.00931
18.87844
18.87844
17.00931
18.87845
18.87845
18.87845
17.00931
18.87844
20.74757
20.74757
20.74757
20.74757
18.87844
18.87844
17.00931
18.87844
17.00931
17.00931
18.87845
18.87845
20.74757
17.00931
17.00931
17.00931
18.87844
18.87844
15.14011
13.27098
13.27098
15.14018
15.14018
15.14018
15.14018
15.14018
17.00931
17.00931
17.00931
15.14018
15.14018
15.14018
15.14018
13.27098
17.00925
17.00925
18.87845
# NewData 17:40
13.27098
15.14011
13.27091
17.00924
15.14011
18.87844
17.00931
17.00931
15.14018
15.14018
15.14018
17.00931
18.87844
18.87844
13.27098
13.27098
13.27098
15.14018
15.14018
17.00931
15.14011
18.87838
17.00925
20.74757
15.14011
15.14011
13.27098
15.14018
15.14018
15.14018
15.14018
13.27098
13.27098
13.27098
15.14018
15.14018
15.14018
13.27098
15.14011
17.00924
18.87844
15.14011
13.27098
13.27098
15.14018
15.14018
13.27098
11.40178
11.40178
13.27098
# NewData 17:40
15.14018
15.14018
15.14018
13.27098
13.27098
13.27098
15.14018
17.00931
17.00931
17.00931
13.27098
13.27098
11.40178
13.27098
13.27098
18.87845
18.87845
18.87845
15.14018
15.14018
17.00931
15.14011
17.00924
13.27091
17.00924
15.14011
20.74757
18.87845
17.00925
13.27098
13.27098
15.14018
15.14018
13.27098
13.27098
13.27098
15.14018
15.14018
15.14018
20.74758
20.74758
20.74758
17.00931
18.87844
18.87844
11.40178
11.40178
15.14011
17.00931
17.00931
# NewData 17:40
17.00931
17.00931
17.00931
13.27098
15.14011
17.00924
20.74757
18.87844
17.00931
18.87845
18.87845
20.74757
17.00931
18.87844
17.00931
17.00931
15.14018
13.27098
13.27098
13.27098
15.14018
13.27098
13.27098
13.27098
15.14018
15.14018
15.14018
17.00931
17.00931
17.00931
17.00931
17.00931
17.00931
17.00931
15.14011
13.27091
11.40178
15.14011
17.00931
17.00931
15.31
18.87844
22.6167
20.74757
18.87845
17.00931
17.00931
# NewData 17:40
17.00931
17.00931
17.00931
15.14018
17.00931
18.87844
18.87844
17.00931
15.14018
15.14018
15.14018
17.00931
17.00931
17.00931
17.00931
17.00931
17.00931
15.14018
15.14018
15.14018
15.14018
15.14018
15.14018
15.14018
15.14018
15.14018
9.532708
9.532708
9.532708
15.14018
17.00931
18.87844
18.87844
20.74757
17.00925
18.87838
17.00924
20.74757
18.87844
17.00931
15.14018
17.00931
17.00931
17.00931
18.87845
18.87845
13.27098
13.27098
11.40178
13.27098
# NewData 17:40
17.00925
20.74757
22.6167
18.87844
20.74758
20.74758
22.6167
20.74757
18.87844
17.00931
13.27098
15.14011
15.14011
17.00931
15.14018
15.14018
15.14018
18.87845
17.00924
13.27097
11.40184
17.00931
17.00931
17.00931
13.27098
13.27098
13.27098
15.14018
15.14018
15.14018
15.14018
15.14018
15.14018
15.14018
15.14018
17.00931
17.00931
18.87844
17.00931
17.00931
15.14018
15.14018
17.00931
17.00931
17.00931
15.14018
15.14018
17.00931
17.00931
17.00931
# NewData 17:40
17.00931
18.87844
17.00931
18.87844
17.00931
17.00931
15.14018
17.00931
17.00931
15.14011
13.27098
17.00925
17.00925
17.00925
13.27098
15.14018
15.14018
15.14018
17.00931
17.00931
17.00931
17.00931
17.00931
17.00931
15.14018
13.27098
11.40178
13.27091
15.14011
17.00931
15.14018
15.14018
15.14018
17.00931
17.00931
17.00931
17.00931
17.00931
17.00931
15.14018
15.14018
15.14018
17.00931
17.00931
17.00931
15.14018
13.27098
15.14011
13.27091
15.14011
# NewData 17:40
13.27098
17.00931
17.00931
17.00931
15.14018
15.14018
17.00931
17.00931
17.00931
15.14018
15.14018
15.14018
15.14018
15.14018
15.14011
13.27091
11.40178
15.14011
17.00931
17.00931
15.14018
17.00931
17.00931
18.87844
17.00931
17.00931
15.14018
15.14018
15.14018
15.14018
17.00931
17.00931
24.48583
22.61671
24.48584
17.00931
17.00931
15.14018
17.00931
17.00931
20.74757
20.74757
20.74757
17.00931
17.00931
17.00931
18.87844
17.00931
18.87844
17.00931
# NewData 17:40
18.87844
18.87844
18.87844
17.00931
17.00931
15.14018
15.14018
15.14018
15.14018
15.14018
15.14018
15.14018
15.14018
15.14018
13.27098
13.27098
13.27098
15.14018
15.14018
15.14018
15.14018
17.00931
17.00931
17.00931
15.14018
15.14018
15.14018
15.14018
15.14018
15.14018
15.14018
15.14018
15.14018
15.14018
15.14018
15.14018
18.87845
17.00925
17.00925
13.27098
13.27098
13.27098
13.27098
15.14018
17.00931
9.532638
7.663508
13.27097
17.00931
18.87844
# NewData 17:40
20.74757
22.6167
20.74757
17.00931
13.27098
15.14011
17.00924
18.87844
17.00931
15.14018
15.14018
15.14018
13.27098
15.14011
15.14011
17.00931
13.27097
13.27097
9.532646
13.27098
13.27098
15.14018
15.14018
15.14018
17.00931
18.87844
22.6167
20.74757
18.87845
13.27098
13.27098
13.27098
15.14018
15.14018
15.14018
15.14018
17.00931
18.87844
18.87844
17.00931
15.14018
15.14018
15.14018
15.14018
17.00931
20.74758
22.6167
20.74757
18.87844
17.00931
